   1.3491147e-02   3.0031962e+01   9.5000000e-02   1.3470237e+02  -4.2350404e-01   1.0000000e+00   1.5606002e-03
   2.1561240e-02   1.4935237e+02   9.8792455e-02   1.3617886e+02  -6.7207753e-01   1.0000000e+00   1.1093637e-02
   3.6222501e-02   4.3327193e+01   1.1881792e-01   1.4168831e+02  -7.4085502e-01   1.0000000e+00   3.5687456e-02
   1.3487377e-02   3.0116644e+01   9.5000000e-02   1.3470201e+02  -4.2338075e-01   1.0000000e+00   3.2300133e-03
   2.1909941e-02   1.4911343e+02   9.8552485e-02   1.3621352e+02  -6.7696318e-01   1.0000000e+00   8.4219365e-03
   1.5412976e-02   3.0491595e+01   9.7866351e-02   1.3523045e+02  -4.6306249e-01   1.0000000e+00   9.0729667e-03
   4.2999463e-02   3.7930415e+01   1.0183025e-01   3.4414007e+02  -9.2709310e-01   1.0000000e+00             Inf
   2.1936861e-02   1.4909297e+02   9.8556922e-02   1.3621868e+02  -6.7745646e-01   1.0000000e+00   5.6357988e-02
   3.8951700e-02   1.3505448e+02   1.1401328e-01   1.4235951e+02  -7.6793888e-01   1.0000000e+00   1.1976056e+00
   1.6915262e-02   3.0850572e+01   9.8307173e-02   1.3545439e+02  -5.2879299e-01   1.0000000e+00   2.2723896e-01
   1.3735868e-02   3.0053203e+01   9.5000000e-02   1.3472614e+02  -4.3132005e-01   1.0000000e+00   6.4048277e-03
   1.3898395e-02   3.0187824e+01   9.5000000e-02   1.3474220e+02  -4.3673646e-01   1.0000000e+00   2.1580686e-02
   4.2744643e-02   3.7742828e+01   1.0178602e-01   3.4384704e+02  -9.2632925e-01   1.0000000e+00   1.5446795e-02
   2.0784481e-02   3.0632279e+01   9.5154696e-02   1.3567087e+02  -6.7140517e-01   1.0000000e+00   8.8995587e-03
   1.5972948e-02   3.4063793e+01   9.8216900e-02   1.3533333e+02  -4.8112649e-01   1.0000000e+00   3.1325039e-02
   1.5166995e-02   3.2856171e+01   9.7988385e-02   1.3521815e+02  -4.5858517e-01   1.0000000e+00   2.0908760e-02
   1.3556184e-02   3.0157703e+01   9.5000000e-02   1.3470864e+02  -4.2575650e-01   1.0000000e+00   5.1217434e-03
   1.3435902e-02   3.0042700e+01   9.5029175e-02   1.3470043e+02  -4.2139957e-01   1.0000000e+00   8.7696894e-03
   1.5720954e-02   3.0000000e+01   9.8534777e-02   1.3534207e+02  -5.0021164e-01   1.0000000e+00   1.4505263e-03
   1.5876410e-02   3.4056144e+01   9.8252088e-02   1.3532652e+02  -4.7744366e-01   1.0000000e+00   7.6720623e-03
   3.8647997e-02   1.3540881e+02   1.1325524e-01   1.4219333e+02  -7.6365182e-01   1.0000000e+00   2.3642740e-02
   3.6983993e-02   1.3408076e+02   1.1389299e-01   1.4155579e+02  -6.9714382e-01   1.0000000e+00   1.0842782e-01
   1.5940878e-02   3.0000000e+01   9.8498292e-02   1.3536237e+02  -5.0337495e-01   1.0000000e+00   1.7276693e-02
   1.4771455e-02   3.1671412e+01   9.8011731e-02   1.3517937e+02  -4.4955966e-01   1.0000000e+00   2.0960738e-02
   1.3331652e-02   3.0116312e+01   9.5000000e-02   1.3468716e+02  -4.1769684e-01   1.0000000e+00   2.2742525e-01
   1.5568701e-02   3.0491927e+01   9.7867421e-02   1.3524764e+02  -4.6442166e-01   1.0000000e+00   1.6319608e-02
   3.7770328e-02   1.3612737e+02   1.1337716e-01   1.4183051e+02  -7.5413862e-01   1.0000000e+00   3.7297035e-02
   1.4613537e-02   3.0000000e+01   9.5000000e-02   1.3481557e+02  -4.4614351e-01   1.0000000e+00   2.1709605e-02
   2.0608621e-02   3.0491851e+01   9.5000000e-02   1.3562548e+02  -6.6770486e-01   1.0000000e+00   8.7741014e-03
   1.0000000e-02   3.0000000e+01   9.5000000e-02   1.3441595e+02  -2.7368424e-01   1.0000000e+00             Inf
   1.5935152e-02   3.0000000e+01   9.8501446e-02   1.3536210e+02  -5.0330540e-01   1.0000000e+00   4.4498506e-03
   2.0405787e-02   3.0277412e+01   9.5227392e-02   1.3561483e+02  -6.6228669e-01   1.0000000e+00   2.1341137e-01
   1.3518409e-02   3.0000000e+01   9.5000000e-02   1.3470500e+02  -4.2439117e-01   1.0000000e+00   2.0807147e-03
   1.5682495e-02   3.0000568e+01   9.8503573e-02   1.3533418e+02  -4.9960744e-01   1.0000000e+00   2.9250243e-02
   1.3774327e-02   3.0052635e+01   9.5031204e-02   1.3473349e+02  -4.3229822e-01   1.0000000e+00   8.3660422e-03
   1.6442886e-02   3.0289329e+01   9.8444563e-02   1.3541382e+02  -5.1443300e-01   1.0000000e+00   3.9339429e-02
   3.5643796e-02   4.2708031e+01   1.2009657e-01   1.4163450e+02  -7.3143080e-01   1.0000000e+00   6.7529068e-02
   1.5644848e-02   3.0898391e+01   9.7911305e-02   1.3526114e+02  -4.7363025e-01   1.0000000e+00   2.0305436e-02
   1.3635629e-02   3.0052509e+01   9.5060172e-02   1.3472325e+02  -4.2814516e-01   1.0000000e+00   8.5980813e-03
   1.5741454e-02   3.0000694e+01   9.8534971e-02   1.3534436e+02  -5.0052350e-01   1.0000000e+00   4.8302932e-03
   2.0664978e-02   3.0512683e+01   9.5015011e-02   1.3563649e+02  -6.6795226e-01   1.0000000e+00   5.8795293e-03
   1.3529571e-02   3.0116951e+01   9.5000000e-02   1.3470607e+02  -4.2485208e-01   1.0000000e+00   2.1069293e-03
   1.5920304e-02   3.4037097e+01   9.8259636e-02   1.3533233e+02  -4.7914512e-01   1.0000000e+00   4.1446639e-03
   4.0617536e-02   3.6797360e+01   1.0197187e-01   3.4168771e+02  -9.2464052e-01   1.0000000e+00   1.2031328e+00
   1.5917229e-02   3.4172323e+01   9.8224235e-02   1.3532788e+02  -4.7843531e-01   1.0000000e+00   2.6317221e-03
   4.3010333e-02   3.7922332e+01   1.0183028e-01   3.4415336e+02  -9.2700727e-01   2.0000000e+00             Inf
   1.0000000e-02   3.0471974e+01   9.5000000e-02   1.3441595e+02  -2.6966100e-01   2.0000000e+00             Inf
   4.0767246e-02   3.6598086e+01   1.0146259e-01   3.4189064e+02  -9.2245472e-01   2.0000000e+00   1.2046155e+00
   3.9480687e-02   1.3515400e+02   1.1356214e-01   1.4258044e+02  -7.6691537e-01   2.0000000e+00   1.1879083e+00
   1.3411409e-02   3.0032854e+01   9.5060365e-02   1.3470168e+02  -4.2037023e-01   2.0000000e+00   2.3136599e-01
   2.0567743e-02   3.0293910e+01   9.5030989e-02   1.3562175e+02  -6.6076270e-01   2.0000000e+00   2.1582317e-01
   1.7476670e-02   3.3860607e+01   9.8594773e-02   1.3555691e+02  -5.2589205e-01   2.0000000e+00   2.0557926e-01
   3.7431091e-02   1.3255242e+02   1.1291582e-01   1.4166853e+02  -7.1512865e-01   2.0000000e+00   1.0944906e-01
   2.1847850e-02   1.4931381e+02   9.8557403e-02   1.3620324e+02  -6.7046957e-01   2.0000000e+00   9.8700909e-02
   1.4902402e-02   3.2766550e+01   9.8021986e-02   1.3519417e+02  -4.4879607e-01   2.0000000e+00   5.3381855e-02
   1.5917852e-02   3.4091425e+01   9.8270223e-02   1.3533329e+02  -4.7865466e-01   2.0000000e+00   4.2498459e-02
   1.3736491e-02   3.0000000e+01   9.5045988e-02   1.3473147e+02  -4.3103026e-01   2.0000000e+00   3.7406549e-02
   3.6315615e-02   4.1839541e+01   1.1878177e-01   1.4171449e+02  -7.2514247e-01   2.0000000e+00   3.5411949e-02
   1.5595588e-02   3.0491926e+01   9.7968046e-02   1.3526228e+02  -4.6445700e-01   2.0000000e+00   3.3098459e-02
   1.5604505e-02   3.0000000e+01   9.8597998e-02   1.3533663e+02  -4.9804293e-01   2.0000000e+00   2.9657470e-02
   3.8740603e-02   1.3619299e+02   1.1386545e-01   1.4226098e+02  -7.5258388e-01   2.0000000e+00   2.5367802e-02
   3.6482177e-02   4.2997360e+01   1.1994314e-01   1.4187523e+02  -7.3775874e-01   2.0000000e+00   2.3994150e-02
   1.5464515e-02   3.1353962e+01   9.8491499e-02   1.3530891e+02  -4.7019359e-01   2.0000000e+00   2.1937022e-02
   3.8945334e-02   1.3558095e+02   1.1386039e-01   1.4235000e+02  -7.6139281e-01   2.0000000e+00   1.9827102e-02
   1.5897137e-02   3.0010548e+01   9.8909034e-02   1.3540536e+02  -5.0233079e-01   2.0000000e+00   1.9801984e-02
   1.6383802e-02   3.0289802e+01   9.8966834e-02   1.3546748e+02  -5.1296823e-01   2.0000000e+00   1.7408806e-02
   3.7306750e-02   4.3529496e+01   1.2016708e-01   1.4216138e+02  -7.4530852e-01   2.0000000e+00   1.7220907e-02
   1.3561066e-02   3.0000000e+01   9.5021094e-02   1.3471153e+02  -4.2571965e-01   2.0000000e+00   1.5624308e-02
   1.6851915e-02   3.0563521e+01   9.8523575e-02   1.3547157e+02  -5.1557918e-01   2.0000000e+00   1.1873421e-02
   2.0635508e-02   3.0491849e+01   9.5033600e-02   1.3563341e+02  -6.6752286e-01   2.0000000e+00   1.1489232e-02
   1.7169140e-02   3.0426019e+01   9.8440729e-02   1.3550084e+02  -5.2128011e-01   2.0000000e+00   1.0428819e-02
   3.6945596e-02   4.3300622e+01   1.2017299e-01   1.4204410e+02  -7.4194352e-01   2.0000000e+00   8.8145374e-03
   1.3430623e-02   3.0055139e+01   9.5101373e-02   1.3470823e+02  -4.2083250e-01   2.0000000e+00   8.1848753e-03
   3.9108336e-02   1.3529851e+02   1.1401287e-01   1.4242855e+02  -7.6509197e-01   2.0000000e+00   7.3614511e-03
   3.6559212e-02   4.3271788e+01   1.1999131e-01   1.4190401e+02  -7.4032097e-01   2.0000000e+00   7.1713180e-03
