h,theta,diam_plat,mass,gci,T,F,m_act,m_link,deflection_mm
0.055,110,0.119,625.441896807109,-0.738458598949849,2.42737329449729,81.7746723253321,195,13.4806322690364,0.500000009584657
0.0775,70,0.113,617.02295421442,-0.880506463703217,3.39145784660928,26.5411693019138,195,10.6743180714734,0.500000000000344
0.0325,136.666666666667,0.107,139.520220483195,-0.697530662012801,0.378751272681797,21.4461672057855,41,5.50674016106514,0.500000000985922
0.08875,96.6666666666667,0.101,617.517918915639,-0.79631625740357,3.81415695451886,20.8314853430561,195,10.8393063052131,0.499999999998826
0.04375,56.6666666666667,0.1238,291.99927355441,-0.625189860043519,1.30507915422515,23.8869859608009,90,7.3330911848034,0.500000000090839
0.06625,123.333333333333,0.1178,624.545480152902,-0.856474039208036,4.14810072944492,56.5295834768891,195,13.1818267176338,0.50000000067223
0.02125,83.3333333333333,0.1118,137.651988237698,-0.222688332294977,0.236548606612612,17.7008878446513,41,4.88399607923256,0.500000002582181
0.094375,43.3333333333333,0.1058,356.292366060365,-0.659994242250038,1.99608187433452,20.2991627048488,107,11.7641220201217,0.500000000001322
0.049375,145.555555555556,0.0998,414.264339312948,-0.825332150719452,1.80979567898192,710.70377955264,107,31.0881131043159,0.499999999999485
0.071875,105.555555555556,0.1226,623.253210909218,-0.759839040304749,4.5310028268296,41.7479820739372,195,12.7510703030728,0.500000000007335
0.026875,65.5555555555556,0.1166,139.168460548883,-0.331573368244663,0.00517349514271699,18.2889533587528,41,5.38948684962759,0.499999999997202
0.083125,132.222222222222,0.1106,617.570470300357,-0.861305421437316,4.7320354323763,23.2329252195852,195,10.8568234334523,0.499999999998837
0.038125,92.2222222222222,0.1046,339.792994806383,-0.595278580057955,1.39291288551456,27.8464020878476,107,6.26433160212755,0.499999999997899
0.060625,52.2222222222222,0.0986,612.279327052345,-0.727117828342834,2.7593183104137,40.1469840547587,195,9.09310901744838,0.499999999998963
0.015625,118.888888888889,0.1214,138.317030454258,-0.156887114842213,0.462963502675501,17.0111856005148,41,5.105676818086,0.50000000000655
0.0971875,78.8888888888889,0.1154,622.985462396506,-0.84689885245115,3.28482271853124,20.4893009838751,195,12.6618207988352,0.500000000043303
0.0521875,38.8888888888889,0.1094,369.006401089156,-0.915066023766853,2.06338955356883,146.695230259219,107,16.0021336963852,0.499999999999626
0.0746875,141.111111111111,0.1034,614.118589520838,-0.695812361160323,5.34895058799516,25.485426162993,195,9.70619650694608,0.499999999999331
0.0296875,101.111111111111,0.0974,137.973256579177,-0.532241164100688,0.755192337606837,22.3825731556971,41,4.99108552639217,0.499999999997678
0.0859375,61.1111111111111,0.1202,620.466372306813,-0.815073439700688,2.89632141588773,23.8654473619245,195,11.8221241022711,0.500000000033043
0.0409375,127.777777777778,0.1142,143.311865135445,-0.730817296063896,0.791816581835359,25.5585159557356,41,6.77062171181516,0.500000000004428
0.0634375,87.7777777777778,0.1082,617.068298341983,-0.845949803776645,4.11539402043519,46.4445565863877,195,10.689432780661,0.499999999998805
0.0184375,47.7777777777778,0.1022,136.097876448811,-0.278348143231928,0.256380261548699,17.7438711243508,41,4.36595881627043,0.500000000000632
0.0915625,114.444444444444,0.0962,617.802086955595,-0.710569977287715,3.75148912329773,20.1436252563565,195,10.9340289851983,0.499999999998853
0.0465625,74.4444444444444,0.12476,344.547875060112,-0.668786334585964,1.47484294824173,26.2388608534249,107,7.84929168670408,0.500000002367302
0.0690625,34.4444444444444,0.11876,358.036118726713,-0.706808173194792,1.83480839309341,44.8602133774549,107,12.3453729089045,0.500000000004483
0.0240625,148.518518518519,0.11276,138.20038281255,-0.50127164013929,0.0306479265788411,18.0545791675141,41,5.06679427085001,0.499999999997006
0.0803125,108.518518518519,0.10676,616.055901667397,-0.890010689959457,4.54168542610221,23.6140901054631,195,10.3519672224657,0.499999999998872
0.0353125,68.5185185185185,0.10076,338.336497989062,-0.614017811547532,1.44793554081667,26.4294434243244,107,5.77883266302054,0.499999999999636
0.0578125,135.185185185185,0.12356,367.569045304135,-0.661281553346122,1.7890764278893,92.8897432912991,107,15.5230151013785,0.499999999999632
0.0128125,95.1851851851852,0.11756,137.53807734209,-0.226491021683067,0.681041123281605,16.9205182359954,41,4.84602578069673,0.500000035180192
0.09859375,55.1851851851852,0.11156,622.830182528195,-0.582491470387871,2.44062157416396,20.0736137271211,195,12.6100608427315,0.500000000042551
0.05359375,121.851851851852,0.10556,669.701153651207,-0.782080984664751,2.97728198967403,464.653803434793,195,28.2337178837355,0.499999999999975
0.07609375,81.8518518518518,0.09956,613.574563668933,-0.838087774695498,3.81120393641846,23.9720739082575,195,9.52485455631105,0.499999999999667
0.03109375,41.8518518518518,0.12236,140.734907532692,-0.507343713066593,0.168843496309425,18.6638863393204,41,5.91163584423058,0.500000003511033
0.08734375,144.074074074074,0.11636,619.928831383408,-0.860796845992862,4.35345127655188,22.7162302714009,195,11.6429437944695,0.500000000008564
0.04234375,104.074074074074,0.11036,342.226092765915,-0.649645350179329,1.42656473246716,30.3539125023314,107,7.07536425530509,0.500000000438928
0.06484375,64.0740740740741,0.10436,613.972474887104,-0.852065818460549,3.27556619909882,36.8063085910892,195,9.65749162903484,0.500000000001479
0.01984375,130.740740740741,0.09836,135.85787543475,-0.310817260812098,0.011949579999925,18.2153483408677,41,4.28595847825004,0.500000000001439
0.09296875,90.7407407407407,0.12116,622.750330819134,-0.789629139838246,3.79328286613923,21.7795091931535,195,12.5834436063782,0.500000000059371
0.04796875,50.7407407407408,0.11516,346.544478320126,-0.729983720402254,2.09011357448936,39.1850374021484,107,8.51482610670851,0.499999999999191
0.07046875,117.407407407407,0.10916,615.351988625571,-0.804384904726779,5.12971851524934,31.3904593690334,195,10.1173295418572,0.500000000000602
0.02546875,77.4074074074074,0.10316,137.366531251736,-0.378328323213404,0.287928292497778,19.1813653173162,41,4.7888437505786,0.500000000916929
0.08171875,37.4074074074074,0.09716,350.634369346749,-0.826450022974021,1.8354642930957,21.8917584654755,107,9.87812311558286,0.499999999999625
0.03671875,139.62962962963,0.11996,141.951649723918,-0.6962478894614,0.297308848527588,20.680278774445,41,6.31721657463931,0.499999999999557
0.05921875,99.6296296296296,0.11396,645.063596481267,-0.828427998319635,3.60807969463155,171.542981391959,195,20.021198827089,0.500000001245697
0.01421875,59.6296296296296,0.10796,136.35471605959,-0.156107343957158,0.649512747583227,17.124356363034,41,4.45157201986327,0.500000000000333
0.09578125,126.296296296296,0.10196,620.237090030816,-0.821389876695689,3.52605750105363,19.9284652778864,195,11.7456966769387,0.500000000000358
0.05078125,86.2962962962963,0.09596,625.871698132818,-0.819106354965741,3.65022163777872,138.671058544731,195,13.6238993776061,0.499999999999618
0.07328125,46.2962962962963,0.12452,623.911340188251,-0.717282762391553,2.40154695755774,40.3908286386009,195,12.9704467294169,0.500000000004832
0.02828125,112.962962962963,0.11852,139.675211946184,-0.393099680779053,0.0357536662889968,18.4106414612203,41,5.55840398206139,0.500000000046861
0.08453125,72.962962962963,0.11252,618.345046943305,-0.903057335709556,3.35826315659489,23.0537421357568,195,11.1150156477683,0.499999999999764
0.03953125,32.962962962963,0.10652,340.56901115453,-0.898131286097087,1.45975395347213,28.6258413106387,107,6.52300371817664,0.500000000004633
0.06203125,147.037037037037,0.10052,612.82828914847,-0.908055394919495,4.51725720320034,38.9434611980006,195,9.27609638282327,0.499999999999368
0.01703125,107.037037037037,0.12332,138.727122611686,-0.172409588133314,0.510950929058478,17.058926325398,41,5.24237420389524,0.500000002944827
0.09015625,67.037037037037,0.11732,620.942418330462,-0.748488510845692,3.04485876881864,22.0428932071017,195,11.9808061101539,0.50000000001972
0.04515625,133.703703703704,0.11132,293.394289710064,-0.733001961679655,1.12619628970521,36.0641025849578,90,7.79809657002122,0.499999999999913
0.06765625,93.7037037037037,0.10532,614.065124188425,-0.877975436382808,4.44471556553199,32.6907176102248,195,9.68837472947499,0.499999999998837
0.02265625,53.7037037037037,0.09932,136.425974198108,-0.377332018245317,0.198108224385478,18.8013883322347,41,4.47532473270282,0.499999999996888
0.07890625,120.37037037037,0.12212,620.357471967013,-0.806304429846898,5.1350762973273,28.9670555353445,195,11.7858239890042,0.500000000117385
0.03390625,80.3703703703704,0.11612,140.735579384246,-0.496943949924361,0.551664970540838,20.2196313137749,41,5.91185979474866,0.500000011148027
0.05640625,40.3703703703704,0.11012,392.60020356531,-0.913371308134666,2.16735901784562,282.408010262042,107,23.8667345217701,0.500000000014568
0.01140625,142.592592592593,0.10412,135.633561380899,-0.157436788215382,0.281270738246603,16.9932606834909,41,4.21118712696624,0.500000000011099
0.099296875,102.592592592593,0.09812,621.10009971547,-0.727968893423036,3.48479615500587,19.4325586803795,195,12.0333665718234,0.500000000002743
0.054296875,62.5925925925926,0.12092,619.803586061244,-0.745827534533332,2.5375757783755,59.9416492997266,195,11.6011953537482,0.500000000001297
0.076796875,129.259259259259,0.11492,617.503945371404,-0.648488096046781,5.37128931955574,27.7489301820668,195,10.8346484571347,0.500000000006527
0.031796875,89.2592592592593,0.10892,139.465408043363,-0.494064889180695,0.589366277132122,20.6542691055708,41,5.48846934778774,0.500000000371832
0.088046875,49.2592592592593,0.10292,617.592266272071,-0.814991917608605,2.30734942291347,21.0988081544849,195,10.864088757357,0.499999999998763
0.043046875,115.925925925926,0.09692,346.264894990376,-0.750561169425561,2.10706969962394,67.2751891507367,107,8.42163166345874,0.50000000004169
0.065546875,75.9259259259259,0.11972,629.403735499104,-0.76445544621502,3.58227717506312,70.917842249774,195,14.801245166368,0.500000020256533
0.020546875,35.9259259259259,0.11372,137.803630212421,-0.480989748105909,0.397443991219142,17.5451857023646,41,4.93454340414036,0.500000000881574
0.093671875,138.148148148148,0.10772,620.345664448502,-0.631402471009626,3.48362229512656,20.514537742319,195,11.7818881495007,0.500000000002149
0.048671875,98.1481481481482,0.10172,630.615439440216,-0.770228645425105,2.96255254936879,168.438563836696,195,15.205146480072,0.499999999999437
0.071171875,58.1481481481482,0.09572,611.753408760319,-0.655123550564775,2.91688740799707,25.4524271896176,195,8.91780292010629,0.49999999999987
0.026171875,124.814814814815,0.12428,140.05257077437,-0.262961572848123,0.129997021791643,17.775405157095,41,5.68419025812341,0.500000000123379
0.082421875,84.8148148148148,0.11828,619.248749219404,-0.877315725161224,3.89867217329827,25.0911165736211,195,11.4162497398014,0.500000000015924
0.037421875,44.8148148148148,0.11228,288.629952222252,-0.765198752784406,1.18134813410003,23.1216551640184,90,6.20998407408394,0.499999999999267
0.059921875,111.481481481481,0.10628,619.201900382184,-0.815041951399773,4.23462282534047,60.9348160954403,195,11.4006334607278,0.500000000003505
0.014921875,71.4814814814815,0.10028,135.463580672854,-0.1335956747282,0.427722421224024,17.3675851351004,41,4.15452689095137,0.500000000338504
0.096484375,31.4814814814815,0.12308,360.616150658258,-0.789399695748942,1.48150604313678,21.2014829846774,107,13.2053835527527,0.499999999999894
0.051484375,149.506172839506,0.11708,300.270817286792,-0.761759353155336,0.99995627672525,52.4587432385232,90,10.0902724289305,0.499999999999375
0.073984375,109.506172839506,0.11108,616.090696742367,-0.905151553826084,4.89747783862141,28.5876403452278,195,10.3635655807889,0.499999999999899
0.028984375,69.5061728395062,0.10508,138.360668769777,-0.450468342398693,0.55603522085131,20.1474120107727,41,5.12022292325903,0.499999999998653
0.085234375,136.172839506173,0.09908,616.04090103197,-0.705294052318519,3.89481479905125,21.3156350473973,195,10.3469670106568,0.499999999999284
0.040234375,96.1728395061728,0.12188,143.353045027967,-0.540190856663352,0.792662682373982,22.0288173418112,41,6.78434834265554,0.499999999997906
0.062734375,56.1728395061728,0.11588,629.765554610726,-0.782511095423421,2.87534157876129,83.0144728630025,195,14.9218515369086,0.499999999999871
0.017734375,122.83950617284,0.10988,136.960229816293,-0.166036876384781,0.257903642770521,17.377442266379,41,4.65340993876428,0.499999999998279
0.090859375,82.8395061728395,0.10388,618.712486875781,-0.708689363286719,3.46346302692683,20.6910334635856,195,11.2374956252604,0.499999999998768
0.045859375,42.8395061728395,0.09788,620.414932068505,-0.654457322570046,2.19157125559632,118.946272029683,195,11.8049773561683,0.500000008410928
0.068359375,145.061728395062,0.12068,625.108568166124,-0.751601098245017,3.44560014423626,52.3968955472559,195,13.3695227220412,0.500000000535387
0.023359375,105.061728395062,0.11468,138.329969079613,-0.258209883703306,0.139132581063067,17.8492255966071,41,5.10998969320432,0.499999999997151
0.079609375,65.0617283950617,0.10868,616.316831794555,-0.791807064220642,3.11930135725347,24.2679931455726,195,10.4389439315183,0.499999999998716
0.034609375,131.728395061728,0.10268,140.052951780391,-0.72795659700374,0.657874445629523,24.5685709144338,41,5.68431726013037,0.500000029093359
0.057109375,91.7283950617284,0.09668,612.501625377603,-0.855901318898825,4.25158210857241,49.2259723905081,195,9.1672084592011,0.500000000019831
0.012109375,51.7283950617284,0.11948,284.759798732254,-0.191583625212568,0.947949505020617,16.8766291504606,90,4.91993291075131,0.500000007651276
0.097890625,118.395061728395,0.11348,622.882173154143,-0.698624233001123,3.78991454183352,20.2707461663266,195,12.627391051381,0.500000000050238
0.052890625,78.3950617283951,0.10748,667.604798482267,-0.827026399409591,3.17709359882391,438.301285034562,195,27.5349328274225,0.500000006722449
0.075390625,38.3950617283951,0.10148,349.82239386515,-0.647087950114832,1.94370641353547,24.6677444735154,107,9.60746462171656,0.499999999999533
0.030390625,140.617283950617,0.09548,138.117216557498,-0.608908393383786,0.483592978149215,23.6753153823647,41,5.0390721858328,0.5000000000069
0.086640625,100.617283950617,0.12404,621.83673315527,-0.892201247679979,4.35264443880726,24.3509773091839,195,12.2789110517566,0.500000000079365
0.041640625,60.6172839506173,0.11804,290.757990918226,-0.548179440848378,1.3388277326272,24.42270507366,90,6.91933030607547,0.500000000007398
0.064140625,127.283950617284,0.11204,620.266022305768,-0.744689269267501,4.23837856549542,52.0405789390004,195,11.7553407685893,0.500000000004581
0.019140625,87.2839506172839,0.10604,136.649578373937,-0.218524997746333,0.23826730340769,17.6708084670092,41,4.54985945797906,0.49999999999664
0.092265625,47.283950617284,0.10004,354.622067933649,-0.734395872132642,2.17529918896138,20.2560753254235,107,11.207355977883,0.499999999998694
0.047265625,113.950617283951,0.12284,294.041636465832,-0.66121394190912,1.19060733391587,28.4388725460239,90,8.013878821944,0.500000008590508
0.069765625,73.9506172839506,0.11684,619.759004155145,-0.852962595632067,3.63945383827259,39.6507534616012,195,11.5863347183816,0.499999999998283
0.024765625,33.9506172839506,0.11084,138.086575539117,-0.614746608417304,0.0107284567173837,18.2996913275347,41,5.02885851303908,0.500000000055485
0.081015625,148.024691358025,0.10484,615.83701981146,-0.802438045943104,4.29530304961018,23.0512285391907,195,10.2790066038201,0.499999999999052
0.036015625,108.024691358025,0.09884,287.724151963756,-0.615517891851172,1.251363124669,28.8809422678373,90,5.90805065458517,0.499999999998766
0.058515625,68.0246913580247,0.12164,645.929624371163,-0.71494845282751,2.92969860422615,160.459449550735,195,20.3098747903876,0.500000001068145
0.013515625,134.691358024691,0.11564,137.324521468995,-0.17570175414314,0.362388488850053,16.9724710937662,41,4.77484048966493,0.499999999999514
0.095078125,94.6913580246914,0.10964,621.179593841292,-0.777960771264745,3.66967735903127,20.4306033080378,195,12.0598646137639,0.500000000008493
0.050078125,54.6913580246914,0.10364,638.24106680725,-0.771056415934554,2.64564116495934,212.260450801361,195,17.7470222690835,0.500000000465132
0.072578125,121.358024691358,0.09764,612.431570918289,-0.691890934592409,5.07242707481737,25.1787820525181,195,9.14385697276315,0.499999999999795
0.027578125,81.358024691358,0.12044,139.785048546908,-0.371095839457286,0.0440725839442789,18.1621863997817,41,5.59501618230278,0.500000000057348
0.083828125,41.358024691358,0.11444,354.597134106368,-0.760854759754933,2.02591406827946,23.630718380973,107,11.1990447021227,0.50000000000154
0.038828125,143.58024691358,0.10844,142.155187037101,-0.682716052136575,0.590909465550169,26.2911035106035,41,6.38506234570043,0.499999999997898
0.061328125,103.58024691358,0.10244,613.959029778623,-0.772956994508811,4.56905236534157,43.7312870414661,195,9.65300992620776,0.50000000003203
0.016328125,63.5802469135802,0.09644,135.171269155857,-0.188798575155512,0.256497673684675,17.6965176522609,41,4.05708971861905,0.499999999999532
0.089453125,130.246913580247,0.11924,621.147009044914,-0.884694789747962,4.50718838214152,22.4799690011109,195,12.0490030149713,0.500000000031907
0.044453125,90.2469135802469,0.11324,343.569728674846,-0.666478813951904,1.70123612208115,31.8244436339511,107,7.52324289161539,0.500000004352597
0.066953125,50.2469135802469,0.10724,614.869695777715,-0.562101152904289,2.61833626731904,35.4039484406297,195,9.9565652592385,0.500000000005432
0.021953125,116.913580246914,0.10124,136.507892010802,-0.290333090853587,0.041307157050296,18.4502229973401,41,4.50263067026725,0.499999999996871
0.078203125,76.9135802469136,0.09524,613.302068050764,-0.847726624980147,3.54331258311016,22.5853382649935,195,9.43402268358793,0.499999999999815
0.033203125,36.9135802469136,0.124952,141.535298472541,-0.596451929021403,0.263240669609805,18.8899502850409,41,6.17843282418021,0.500000025024648
0.055703125,139.135802469136,0.118952,365.622531475685,-0.668490047613855,1.66957474522244,97.5718894967351,107,14.8741771585618,0.499999999999738
0.010703125,99.1358024691358,0.112952,136.752133828665,-0.278684575625913,0.691794364444922,16.8698744715721,41,4.58404460955498,0.4999999999977
0.0996484375,59.1358024691358,0.106952,622.516823228558,-0.708786116457553,2.56190891410137,19.7362062418644,195,12.5056077428525,0.500000000025125
0.0546484375,125.802469135802,0.100952,622.567059929772,-0.828410640270891,3.50942677159526,94.9174395830185,195,12.5223533099241,0.50000000639679
0.0771484375,85.8024691358025,0.123752,621.50690345914,-0.890322097318982,4.0616056835461,31.9439640847461,195,12.1689678197132,0.499999999998849
0.0321484375,45.8024691358025,0.117752,140.438067982222,-0.634894571004834,0.422777335466671,19.3907065753259,41,5.8126893274074,0.500000002881482
0.0883984375,112.469135802469,0.111752,619.289479423042,-0.756934216169689,4.26655573663127,21.8500937848369,195,11.4298264743474,0.500000000000746
0.0433984375,72.4691358024691,0.105752,343.649202241189,-0.720330975748546,2.1517938435143,39.3734787789017,107,7.54973408039626,0.499999999999918
0.0658984375,32.4691358024692,0.099752,348.209615941552,-0.876736788521093,1.7253220343104,31.4271605976795,107,9.06987198051718,0.499999999999309
0.0208984375,146.543209876543,0.122552,139.049392062303,-0.357015342490178,0.174321414408994,17.3231855288982,41,5.34979735410111,0.499999999999209
0.0940234375,106.543209876543,0.116552,622.036242864023,-0.85532419151895,4.00374784468261,21.1079481802209,195,12.3454142880077,0.500000000036123
0.0490234375,66.5432098765432,0.110552,614.222938798427,-0.683072952203185,2.535137147625,58.7918477851189,195,9.74097959947563,0.499999999999303
0.0715234375,133.20987654321,0.104552,613.959437397869,-0.889898425543651,5.53764235370837,28.0103051362805,195,9.65314579928981,0.499999999999026
0.0265234375,93.2098765432099,0.098552,137.167657141979,-0.420695991470135,0.481498935768724,20.2686955027585,41,4.7225523806598,0.500000000443783
0.0827734375,53.2098765432099,0.121352,620.182488695385,-0.629790748832442,2.60414781202195,25.7163110957111,195,11.7274962317951,0.500000000049275
0.0377734375,119.876543209877,0.115352,141.950902342929,-0.544821694739531,0.625013023222013,22.3646091091919,41,6.31696744764309,0.499999999999158
0.0602734375,79.8765432098765,0.109352,623.29509470636,-0.808815746780302,3.71385820224658,72.2070520431532,195,12.7650315687867,0.500000001772384
0.0152734375,39.8765432098766,0.103352,135.872683077375,-0.311123002365701,0.537045171736147,17.3167533214922,41,4.29089435912486,0.500000000005765
0.0968359375,142.098765432099,0.097352,619.995653910378,-0.753372453579887,2.82055541225593,19.6260869950091,195,11.6652179701259,0.499999999999411
0.0518359375,102.098765432099,0.120152,350.022369680543,-0.7640363932979,2.06006335054292,45.3334107461512,107,9.67412322684752,0.500000000053677
0.0743359375,62.0987654320988,0.114152,617.106926600266,-0.776666828927846,3.1016246488871,29.6979087125875,195,10.7023088667552,0.500000000010945
0.0293359375,128.765432098765,0.108152,138.7406851975,-0.550226930382275,0.250702098642491,19.785162318895,41,5.24689506583347,0.499999999997191
0.0855859375,88.7654320987654,0.102152,616.664839312563,-0.735803215717465,3.76158176533029,21.5179379452996,195,10.554946437521,0.499999999999009
0.0405859375,48.7654320987655,0.096152,342.862759406432,-0.805910574770351,2.13063293164706,48.7728305886736,107,7.28758646881066,0.499999999999821
0.0630859375,115.432098765432,0.124712,704.730228616012,-0.755168851272674,3.12874408792551,517.000759140585,195,39.9100762053373,0.500000000006136
0.0180859375,75.4320987654321,0.118712,138.18210825607,-0.128187840388529,0.55698756783099,17.198564065233,41,5.06070275202321,0.500000000024337
0.0912109375,35.4320987654321,0.112712,155.922579252365,-0.822642209953314,0.55698756783099,17.198564065233,41,10.9741930841216,0.499999999999417
0.0462109375,137.654320987654,0.106712,140.908985808234,-0.567303681093847,0.55698756783099,17.198564065233,41,5.96966193607806,0.500000001462167
0.0687109375,97.6543209876543,0.100712,146.24698311672,-0.850213060728278,0.55698756783099,17.198564065233,41,7.74899437223993,0.500000000005641
0.0237109375,57.6543209876543,0.123512,139.456307614168,-0.263810063772694,0.55698756783099,17.198564065233,41,5.48543587138945,0.499999999997213
0.0799609375,124.320987654321,0.117512,152.18662837783,-0.68927476673412,0.55698756783099,17.198564065233,41,9.72887612594345,0.500000016647971
0.0349609375,84.320987654321,0.111512,139.347787041934,-0.527342128203477,0.55698756783099,17.198564065233,41,5.44926234731128,0.499999999997677
0.0574609375,44.320987654321,0.105512,143.515187616206,-0.701375496551606,0.55698756783099,17.198564065233,41,6.83839587206862,0.499999999999305
0.0124609375,110.987654320988,0.099512,135.155417430142,-0.196807931310394,0.55698756783099,17.198564065233,41,4.05180581004721,0.499999999996596
0.0982421875,70.9876543209876,0.122312,160.184639445555,-0.813436035574939,0.55698756783099,17.198564065233,41,12.3948798151849,0.500000000000905
0.0532421875,30.9876543209877,0.116312,143.824382963395,-0.752292772137729,0.55698756783099,17.198564065233,41,6.94146098779841,0.499999999999024
0.0757421875,149.012345679012,0.110312,149.751978953035,-0.843111334711964,0.55698756783099,17.198564065233,41,8.91732631767828,0.500000001614866
0.0307421875,109.012345679012,0.104312,137.730231381557,-0.444706297206776,0.55698756783099,17.198564065233,41,4.91007712718579,0.500000004525352
0.0869921875,69.0123456790124,0.098312,152.500255493556,-0.800630815101533,0.55698756783099,17.198564065233,41,9.83341849785211,0.500000021592705
0.0419921875,135.679012345679,0.121112,141.972975613811,-0.75947791221324,0.55698756783099,17.198564065233,41,6.3243252046036,0.500000018745503
0.0644921875,95.679012345679,0.115112,146.744736637336,-0.828435668107866,0.55698756783099,17.198564065233,41,7.91491221244549,0.500000000020905
0.0194921875,55.679012345679,0.109112,136.969984921342,-0.247656520484829,0.55698756783099,17.198564065233,41,4.65666164044741,0.499999999997987
0.0926171875,122.345679012346,0.103112,155.3368254878,-0.700661754390131,0.55698756783099,17.198564065233,41,10.7789418292667,0.499999999999575
0.0476171875,82.3456790123457,0.097112,140.055033476552,-0.809337972675338,0.55698756783099,17.198564065233,41,5.68501115885072,0.500000000046013
0.0701171875,42.3456790123457,0.119912,149.137982180945,-0.89557094158866,0.55698756783099,17.198564065233,41,8.71266072698176,0.50000000080063
0.0251171875,144.567901234568,0.113912,138.242125115768,-0.595879757342165,0.55698756783099,17.198564065233,41,5.08070837192259,0.500000000009144
0.0813671875,104.567901234568,0.107912,151.471416507527,-0.916913029814498,0.55698756783099,17.198564065233,41,9.49047216917567,0.500000008922118
0.0363671875,64.5679012345679,0.101912,138.349835180754,-0.608461801894582,0.55698756783099,17.198564065233,41,5.11661172691797,0.50000000000106
0.0588671875,131.234567901235,0.095912,142.763330439238,-0.661162052179388,0.55698756783099,17.198564065233,41,6.58777681307918,0.499999999999743
0.0138671875,91.2345679012346,0.124472,138.705894696624,-0.182871638505965,0.55698756783099,17.198564065233,41,5.23529823220804,0.500000004425268
0.0954296875,51.2345679012346,0.118472,158.444401682294,-0.869432141071056,0.55698756783099,17.198564065233,41,11.8148005607647,0.499999999998691
0.0504296875,117.901234567901,0.112472,142.623155708732,-0.69839807157963,0.55698756783099,17.198564065233,41,6.54105190291068,0.499999999999793
0.0729296875,77.9012345679012,0.106472,148.314952303434,-0.886253179129695,0.55698756783099,17.198564065233,41,8.43831743447815,0.500000000281615
0.0279296875,37.9012345679013,0.100472,136.83995315691,-0.62041651574793,0.55698756783099,17.198564065233,41,4.61331771896986,0.49999999999695
0.0841796875,140.123456790123,0.123272,154.543915616686,-0.771105023292933,0.55698756783099,17.198564065233,41,10.5146385388954,0.499999999999735
0.0391796875,100.123456790123,0.117272,140.887333379723,-0.530221980417586,0.55698756783099,17.198564065233,41,5.9624444599078,0.500000001370043
0.0616796875,60.1234567901235,0.111272,145.417942618513,-0.799017727380361,0.55698756783099,17.198564065233,41,7.47264753950428,0.499999999998286
0.0166796875,126.79012345679,0.105272,136.206327305909,-0.192847316022826,0.55698756783099,17.198564065233,41,4.40210910196954,0.500000000000757
0.0898046875,86.7901234567901,0.099272,153.736418381113,-0.749034988887184,0.55698756783099,17.198564065233,41,10.2454727937044,0.499999999999845
0.0448046875,46.7901234567901,0.122072,142.687296960967,-0.79062803731926,0.55698756783099,17.198564065233,41,6.56243232032242,0.499999999999772
0.0673046875,113.456790123457,0.116072,147.728557554448,-0.764770986777428,0.55698756783099,17.198564065233,41,8.24285251814926,0.500000000121089
0.0223046875,73.4567901234568,0.110072,137.389410521105,-0.285521143460909,0.55698756783099,17.198564065233,41,4.7964701737018,0.500000055588536
0.0785546875,33.4567901234568,0.104072,149.979765518177,-0.831334264197819,0.55698756783099,17.198564065233,41,8.99325517272553,0.500000002066139
0.0335546875,147.530864197531,0.098072,137.399211180568,-0.90320153817368,0.55698756783099,17.198564065233,41,4.79973706018937,0.500000052208025
0.0560546875,107.530864197531,0.120872,145.173416261823,-0.759600580336712,0.55698756783099,17.198564065233,41,7.39113875394109,0.499999999997937
0.0110546875,67.5308641975309,0.114872,137.129951095848,-0.211727926057493,0.55698756783099,17.198564065233,41,4.70998369861608,0.49999999999902
0.0989453125,134.197530864198,0.108872,158.753667197614,-0.712617448851833,0.55698756783099,17.198564065233,41,11.9178890658713,0.499999999998735
0.0539453125,94.1975308641975,0.102872,142.269445914648,-0.782845681101697,0.55698756783099,17.198564065233,41,6.42314863821606,0.500000032646975
0.0764453125,54.1975308641975,0.096872,148.40031488813,-0.726195139983182,0.55698756783099,17.198564065233,41,8.46677162937659,0.500000000315951
0.0314453125,120.864197530864,0.119672,139.920842984127,-0.392981740046159,0.55698756783099,17.198564065233,41,5.64028099470902,0.500000000018463
0.0876953125,80.8641975308642,0.113672,154.624413126236,-0.825475380912994,0.55698756783099,17.198564065233,41,10.5414710420786,0.499999999999722
0.0426953125,40.8641975308642,0.107672,140.28534448021,-0.585848456325146,0.55698756783099,17.198564065233,41,5.76178149340321,0.500000000151509
0.0651953125,143.086419753086,0.101672,145.266710459853,-0.725359413756167,0.55698756783099,17.198564065233,41,7.42223681995116,0.499999999998022
0.0201953125,103.086419753086,0.095672,135.320545469704,-0.331368413140757,0.55698756783099,17.198564065233,41,4.10684848990142,0.500000054858125
0.0933203125,63.0864197530864,0.124232,158.335116559168,-0.821829760706418,0.55698756783099,17.198564065233,41,11.7783721863894,0.499999999998694
0.0483203125,129.753086419753,0.118232,142.915040426483,-0.703219802367889,0.55698756783099,17.198564065233,41,6.63834680882777,0.49999999999968
0.0708203125,89.7530864197531,0.112232,148.341885567219,-0.875543199606748,0.55698756783099,17.198564065233,41,8.44729518907302,0.500000000292079
0.0258203125,49.7530864197531,0.106232,137.294784000718,-0.442490004466471,0.55698756783099,17.198564065233,41,4.76492800023941,0.499999999999598
0.0820703125,116.41975308642,0.100232,150.822061748258,-0.761861640188431,0.55698756783099,17.198564065233,41,9.27402058275281,0.500000004860889
0.0370703125,76.4197530864197,0.123032,141.328081346191,-0.509711362438695,0.55698756783099,17.198564065233,41,6.10936044873022,0.500000004555025
0.0595703125,36.4197530864198,0.117032,145.587608096442,-0.856802849169891,0.55698756783099,17.198564065233,41,7.52920269881392,0.499999999998833
0.0145703125,138.641975308642,0.111032,136.816677249128,-0.164814461513612,0.55698756783099,17.198564065233,41,4.60555908304283,0.499999999996804
0.0961328125,98.641975308642,0.105032,157.058535753554,-0.805183912989146,0.55698756783099,17.198564065233,41,11.3528452511846,0.499999999999031
0.0511328125,58.641975308642,0.099032,141.109232335473,-0.834503489029671,0.55698756783099,17.198564065233,41,6.03641077849111,0.500000002585496
0.0736328125,125.308641975309,0.121832,150.560375692705,-0.760352012367898,0.55698756783099,17.198564065233,41,9.18679189756843,0.500000003759123
0.0286328125,85.3086419753087,0.115832,138.968733507776,-0.387512441859199,0.55698756783099,17.198564065233,41,5.32291116925878,0.499999999999642
0.0848828125,45.3086419753087,0.109832,153.038371195466,-0.809863815724414,0.55698756783099,17.198564065233,41,10.0127903984888,0.499999999999906
0.0398828125,111.975308641975,0.103832,139.238983716857,-0.694621959175643,0.55698756783099,17.198564065233,41,5.41299457228556,0.499999999998366
0.0623828125,71.9753086419753,0.097832,143.982524926425,-0.804321347200609,0.55698756783099,17.198564065233,41,6.99417497547489,0.499999999998859
0.0173828125,31.9753086419753,0.120632,138.401171153533,-0.422108962095316,0.55698756783099,17.198564065233,41,5.13372371784426,0.500000000058179
0.0905078125,146.049382716049,0.114632,155.880508309903,-0.816904685980778,0.55698756783099,17.198564065233,41,10.9601694366343,0.499999999999429
0.0455078125,106.049382716049,0.108632,141.001600622282,-0.726410568979823,0.55698756783099,17.198564065233,41,6.00053354076072,0.500000001916296
0.0680078125,66.0493827160494,0.102632,146.250400406123,-0.853889391186827,0.55698756783099,17.198564065233,41,7.75013346870766,0.500000000005706
0.0230078125,132.716049382716,0.096632,135.743177595187,-0.492292373896541,0.55698756783099,17.198564065233,41,4.24772586506219,0.500000000000269
0.0792578125,92.7160493827161,0.119432,152.190682723034,-0.883925000024298,0.55698756783099,17.198564065233,41,9.73022757434464,0.500000016704865
0.0342578125,52.7160493827161,0.113432,139.490738587965,-0.583345079928487,0.55698756783099,17.198564065233,41,5.49691286265504,0.499999999997189
0.0567578125,119.382716049383,0.107432,143.566567458668,-0.816133125008113,0.55698756783099,17.198564065233,41,6.85552248622283,0.499999999999262
0.0117578125,79.3827160493827,0.101432,135.356514179285,-0.15175367792374,0.55698756783099,17.198564065233,41,4.11883805976182,0.50000002471712
0.0975390625,39.3827160493827,0.095432,156.588312431059,-0.755842419733144,0.55698756783099,17.198564065233,41,11.1961041436862,0.4999999999992
0.0525390625,141.604938271605,0.123992,144.728911568487,-0.56797809509594,0.55698756783099,17.198564065233,41,7.24297052282913,0.499999999998046
0.0750390625,101.604938271605,0.117992,150.51203374515,-0.786788629504355,0.55698756783099,17.198564065233,41,9.17067791505007,0.500000003581829
0.0300390625,61.6049382716049,0.111992,138.638627121762,-0.404305459514791,0.55698756783099,17.198564065233,41,5.21287570725391,0.500000001024902
0.0862890625,128.271604938272,0.105992,153.114453415105,-0.869984499099849,0.55698756783099,17.198564065233,41,10.0381511383683,0.4999999999999
0.0412890625,88.2716049382716,0.099992,139.042000091735,-0.705434529447885,0.55698756783099,17.198564065233,41,5.3473333639117,0.499999999999402
0.0637890625,48.2716049382716,0.122792,147.591211480557,-0.729804654848405,0.55698756783099,17.198564065233,41,8.19707049351895,0.500000000097768
0.0187890625,114.938271604938,0.116792,137.969481106396,-0.191402662329478,0.55698756783099,17.198564065233,41,4.98982703546517,0.500000000421407
0.0919140625,74.9382716049383,0.110792,155.971035794946,-0.838657137232465,0.55698756783099,17.198564065233,41,10.990345264982,0.499999999999402
0.0469140625,34.9382716049383,0.104792,140.823064340895,-0.879420931420388,0.55698756783099,17.198564065233,41,5.94102144696485,0.500000001124439
0.0694140625,137.160493827161,0.098792,146.25012807119,-0.819559564838651,0.55698756783099,17.198564065233,41,7.75004269039654,0.500000000005701
0.0244140625,97.1604938271605,0.121592,139.254168797772,-0.269791279272303,0.55698756783099,17.198564065233,41,5.41805626592411,0.499999999998269
0.0806640625,57.1604938271605,0.115592,152.189015659816,-0.741503811141693,0.55698756783099,17.198564065233,41,9.72967188660519,0.50000001668145
0.0356640625,123.827160493827,0.109592,139.211499868695,-0.630535293410869,0.55698756783099,17.198564065233,41,5.40383328956491,0.499999999998539
0.0581640625,83.8271604938272,0.103592,143.470439817869,-0.853595523136094,0.55698756783099,17.198564065233,41,6.82347993928961,0.49999999999934
0.0131640625,43.8271604938272,0.097592,134.960842554372,-0.212965251299636,0.55698756783099,17.198564065233,41,3.98694751812385,0.500000000000964
0.0947265625,110.493827160494,0.120392,158.401614158119,-0.777406462857607,0.55698756783099,17.198564065233,41,11.8005380527065,0.499999999998692
0.0497265625,70.4938271604938,0.114392,142.71383105664,-0.710169307965639,0.55698756783099,17.198564065233,41,6.57127701887996,0.499999999999761
0.0722265625,30.4938271604938,0.108392,148.317417178051,-0.849710621938604,0.55698756783099,17.198564065233,41,8.43913905935031,0.500000000282558
0.0272265625,149.835390946502,0.102392,136.984843730893,-0.883466737703594,0.55698756783099,17.198564065233,41,4.66161457696439,0.499999999998103
0.0834765625,109.835390946502,0.096392,150.92257948621,-0.763432981241567,0.55698756783099,17.198564065233,41,9.30752649540339,0.500000005354846
0.0384765625,69.8353909465021,0.119192,141.027653404259,-0.588338489299838,0.55698756783099,17.198564065233,41,6.00921780141969,0.500000002063274
0.0609765625,136.502057613169,0.113192,145.467928130928,-0.652149573863005,0.55698756783099,17.198564065233,41,7.48930937697596,0.499999999998416
0.0159765625,96.5020576131687,0.107192,136.403277009666,-0.13130444392089,0.55698756783099,17.198564065233,41,4.46775900322192,0.500000000000216
0.0891015625,56.5020576131687,0.101192,153.669393999626,-0.678267949042046,0.55698756783099,17.198564065233,41,10.2231313332086,0.499999999999852
0.0441015625,123.168724279835,0.095192,139.056365221452,-0.831045870255164,0.55698756783099,17.198564065233,41,5.35212174048389,0.499999999999345
0.0666015625,83.1687242798354,0.124904,148.736026647156,-0.7913434542182,0.55698756783099,17.198564065233,41,8.57867554905199,0.500000000488888
0.0216015625,43.1687242798354,0.118904,138.549434778538,-0.366514077021037,0.55698756783099,17.198564065233,41,5.1831449261792,0.500000000018205
0.0778515625,145.390946502058,0.112904,150.823304515576,-0.882197632947927,0.55698756783099,17.198564065233,41,9.2744348385254,0.500000004866742
0.0328515625,105.390946502058,0.106904,138.391827163723,-0.509511585046569,0.55698756783099,17.198564065233,41,5.13060905457426,0.500000000000314
0.0553515625,65.3909465020576,0.100904,142.395645580745,-0.808866708830789,0.55698756783099,17.198564065233,41,6.46521519358169,0.500000040752358
0.0103515625,132.057613168724,0.123704,138.383270347337,-0.17686521803732,0.55698756783099,17.198564065233,41,5.12775678244565,0.500000000000419
0.09982421875,92.0576131687243,0.117704,160.267174897785,-0.797636805944551,0.55698756783099,17.198564065233,41,12.4223916325951,0.500000000001205
0.05482421875,52.0576131687243,0.111704,143.609444833906,-0.824312096419361,0.55698756783099,17.198564065233,41,6.86981494463534,0.499999999999225
0.07732421875,118.724279835391,0.105704,149.736650690696,-0.788193973907964,0.55698756783099,17.198564065233,41,8.9122168968986,0.500000001587908
0.03232421875,78.724279835391,0.099704,137.398303128005,-0.530649180269506,0.55698756783099,17.198564065233,41,4.79943437600178,0.500000052513375
0.08857421875,38.724279835391,0.122504,156.152135333695,-0.688538681769612,0.55698756783099,17.198564065233,41,11.0507117778984,0.499999999999346
0.04357421875,140.946502057613,0.116504,141.645188447888,-0.714492929272526,0.55698756783099,17.198564065233,41,6.21506281596278,0.500000009514475
0.06607421875,100.946502057613,0.110504,146.621323779456,-0.821809023071475,0.55698756783099,17.198564065233,41,7.87377459315192,0.500000000015841
0.02107421875,60.9465020576132,0.104504,136.51920764333,-0.254675716084007,0.55698756783099,17.198564065233,41,4.50640254777656,0.500000000009503
0.09419921875,127.61316872428,0.098504,155.479760134938,-0.795276552205148,0.55698756783099,17.198564065233,41,10.826586711646,0.499999999999539
0.04919921875,87.6131687242798,0.121304,143.548671367311,-0.708472381692072,0.55698756783099,17.198564065233,41,6.84955712243716,0.499999999999277
0.07169921875,47.6131687242799,0.115304,149.031046077491,-0.718242264381232,0.55698756783099,17.198564065233,41,8.67701535916373,0.500000000704177
0.02669921875,114.279835390947,0.109304,137.814360977482,-0.391801961976645,0.55698756783099,17.198564065233,41,4.93812032582739,0.500000002120882
0.08294921875,74.2798353909465,0.103304,151.509316495132,-0.845943817510545,0.55698756783099,17.198564065233,41,9.50310549837726,0.500000009232434
0.03794921875,34.2798353909465,0.097304,138.077027793891,-0.905069331530948,0.55698756783099,17.198564065233,41,5.02567593129711,0.500000000110891
0.06044921875,148.353909465021,0.120104,146.254933554486,-0.699971851909292,0.55698756783099,17.198564065233,41,7.75164451816202,0.500000000005794
0.01544921875,108.353909465021,0.114104,137.308595038831,-0.172400026859054,0.55698756783099,17.198564065233,41,4.76953167961029,0.499999999999629
0.09701171875,68.3539094650206,0.108104,157.80878038851,-0.737542765777892,0.55698756783099,17.198564065233,41,11.6029267961699,0.499999999998785
0.05201171875,135.020576131687,0.102104,141.691466555986,-0.751582447777051,0.55698756783099,17.198564065233,41,6.23048885199549,0.500000010519523
0.07451171875,95.0205761316872,0.096104,147.643031215499,-0.756973722123223,0.55698756783099,17.198564065233,41,8.21434373849952,0.500000000106076
0.02951171875,55.0205761316872,0.124664,140.36914117644,-0.371125675074518,0.55698756783099,17.198564065233,41,5.78971372547988,0.500000000218656
0.08576171875,121.687242798354,0.118664,154.521612422452,-0.718986428609048,0.55698756783099,17.198564065233,41,10.5072041408174,0.499999999999739
0.04076171875,81.6872427983539,0.112664,140.557034903472,-0.610696011089,0.55698756783099,17.198564065233,41,5.85234496782394,0.500000000457437
0.06326171875,41.6872427983539,0.106664,145.293743881206,-0.881522457893658,0.55698756783099,17.198564065233,41,7.43124796040191,0.499999999998056
0.01826171875,143.909465020576,0.100664,135.750728012476,-0.327743247072433,0.55698756783099,17.198564065233,41,4.25024267082549,0.500000000000351
0.09138671875,103.909465020576,0.123464,157.425236049689,-0.83698343617849,0.55698756783099,17.198564065233,41,11.4750786832296,0.499999999998902
0.04638671875,63.9094650205761,0.117464,142.376702401902,-0.641367590274887,0.55698756783099,17.198564065233,41,6.45890080063396,0.500000039438097
0.06888671875,130.576131687243,0.111464,147.621004138655,-0.695593949049397,0.55698756783099,17.198564065233,41,8.2070013795516,0.500000000102475
0.02388671875,90.5761316872428,0.105464,136.957471987031,-0.365760758456566,0.55698756783099,17.198564065233,41,4.6524906623438,0.499999999997887
0.08013671875,50.5761316872428,0.099464,150.017702602918,-0.862121953170751,0.55698756783099,17.198564065233,41,9.00590086763926,0.500000002151266
0.03513671875,117.242798353909,0.122264,140.883715262683,-0.446024657876336,0.55698756783099,17.198564065233,41,5.96123842089419,0.500000001355131
0.05763671875,77.2427983539095,0.116264,144.95610490134,-0.820613772801109,0.55698756783099,17.198564065233,41,7.31870163377988,0.49999999999791
0.01263671875,37.2427983539095,0.110264,136.580890284073,-0.223633159365873,0.55698756783099,17.198564065233,41,4.52696342802434,0.500000000001981
0.09841796875,139.465020576132,0.104264,157.968290346183,-0.804543878273911,0.55698756783099,17.198564065233,41,11.6560967820609,0.499999999998746
0.05341796875,99.4650205761317,0.098264,141.586898602381,-0.81279279374206,0.55698756783099,17.198564065233,41,6.19563286746041,0.500000008363981
0.07591796875,59.4650205761317,0.121064,151.233880417199,-0.857850530749461,0.55698756783099,17.198564065233,41,9.41129347239951,0.500000007179185
0.03091796875,126.131687242798,0.115064,139.19054927864,-0.406518520365413,0.55698756783099,17.198564065233,41,5.39684975954669,0.499999999997813
0.08716796875,86.1316872427984,0.109064,153.834723226515,-0.81089205234434,0.55698756783099,17.198564065233,41,10.2782410755049,0.499999999999834
0.04216796875,46.1316872427984,0.103064,139.595203180141,-0.759631726501677,0.55698756783099,17.198564065233,41,5.53173439338026,0.499999999997822
0.06466796875,112.798353909465,0.097064,144.573630325586,-0.874775200141967,0.55698756783099,17.198564065233,41,7.19121010852873,0.499999999998194
0.01966796875,72.798353909465,0.119864,138.494773400427,-0.159454176709181,0.55698756783099,17.198564065233,41,5.16492446680892,0.49999999999929
0.09279296875,32.798353909465,0.113864,156.725982862621,-0.788285806572138,0.55698756783099,17.198564065233,41,11.2419942875404,0.499999999999151
0.04779296875,146.872427983539,0.107864,141.409810666283,-0.846804471659828,0.55698756783099,17.198564065233,41,6.13660355542753,0.500000005555467
0.07029296875,106.872427983539,0.101864,146.890942094803,-0.799831920034637,0.55698756783099,17.198564065233,41,7.96364736493438,0.500000000028354
0.02529296875,66.8724279835391,0.095864,135.927381545772,-0.397831439130517,0.55698756783099,17.198564065233,41,4.30912718192397,0.500000000004812
0.08154296875,133.539094650206,0.124424,153.71596199195,-0.902392775490992,0.55698756783099,17.198564065233,41,10.2386539973168,0.499999999999847
0.03654296875,93.5390946502058,0.118424,141.755360846245,-0.534772612771795,0.627069655902847,20.9092645202259,41,6.25178694874832,0.499999999999631
0.05904296875,53.5390946502058,0.112424,146.295569503626,-0.827616995148919,0.627069655902847,20.9092645202259,41,7.76518983454204,0.500000000148335
0.01404296875,120.205761316872,0.106424,137.041578302854,-0.173190195877892,0.627069655902847,20.9092645202259,41,4.68052610095122,0.500000000345951
0.09560546875,80.2057613168724,0.100424,158.538033305539,-0.814576544660773,0.627069655902847,20.9092645202259,41,11.8460111018465,0.500000000004895
0.05060546875,40.2057613168724,0.123224,145.575613207497,-0.773230877773404,0.627069655902847,20.9092645202259,41,7.52520440249903,0.500000000041964
0.07310546875,142.427983539095,0.117224,151.55384499727,-0.769231092107041,0.627069655902847,20.9092645202259,41,9.51794833242324,0.499999999999871
0.02810546875,102.427983539095,0.111224,139.287918887097,-0.406173733218664,0.627069655902847,20.9092645202259,41,5.42930629569906,0.500000000232646
0.08435546875,62.4279835390947,0.105224,154.242453443729,-0.687085776919162,0.627069655902847,20.9092645202259,41,10.4141511479095,0.499999999999283
0.03935546875,129.094650205761,0.099224,139.619172388824,-0.757816068701617,0.627069655902847,20.9092645202259,41,5.53972412960807,0.500000000854876
0.06185546875,89.0946502057613,0.122024,148.531587763677,-0.808361859048964,0.627069655902847,20.9092645202259,41,8.51052925455908,0.500000002742553
0.01685546875,49.0946502057613,0.116024,138.680019749494,-0.219163283632947,0.627069655902847,20.9092645202259,41,5.22667324983129,0.500000000001749
0.08998046875,115.761316872428,0.110024,157.239875101216,-0.775457864028222,0.627069655902847,20.9092645202259,41,11.4132917004052,0.49999999999937
0.04498046875,75.761316872428,0.104024,141.46707937943,-0.773457042233056,0.627069655902847,20.9092645202259,41,6.15569312647666,0.499999999999763
0.06748046875,35.761316872428,0.098024,147.065466507025,-0.575335250372289,0.627069655902847,20.9092645202259,41,8.0218221690082,0.500000000458099
0.02248046875,137.98353909465,0.120824,139.993866562995,-0.440370069332296,0.627069655902847,20.9092645202259,41,5.66462218766506,0.50000000278934
0.07873046875,97.9835390946502,0.114824,153.296649151102,-0.852529379325852,0.627069655902847,20.9092645202259,41,10.0988830503674,0.499999999999575
0.03373046875,57.9835390946502,0.108824,139.847602173491,-0.490883863544999,0.627069655902847,20.9092645202259,41,5.61586739116369,0.500000001807721
0.05623046875,124.650205761317,0.102824,144.193570271808,-0.845219225723973,0.627069655902847,20.9092645202259,41,7.06452342393594,0.499999999998973
0.01123046875,84.6502057613169,0.096824,135.535753948977,-0.166588025670195,0.627069655902847,20.9092645202259,41,4.178584649659,0.500000000000251
0.09912109375,44.6502057613169,0.119624,163.267899974297,-0.752796275756861,0.627069655902847,20.9092645202259,41,13.4226333247656,0.499999999999755
0.05412109375,111.316872427984,0.113624,145.075201528992,-0.686016870509917,0.627069655902847,20.9092645202259,41,7.35840050966392,0.500000000013705
0.07662109375,71.3168724279835,0.107624,151.521458457253,-0.864390381387871,0.627069655902847,20.9092645202259,41,9.50715281908431,0.499999999999874
0.03162109375,31.3168724279836,0.101624,138.502662860057,-0.898440406269783,0.627069655902847,20.9092645202259,41,5.16755428668575,0.499999999997361
0.08787109375,149.341563786008,0.095624,154.541981957122,-0.701729528466821,0.627069655902847,20.9092645202259,41,10.5139939857074,0.499999999999173
0.04287109375,109.341563786008,0.124184,143.912649952499,-0.57013467993774,0.627069655902847,20.9092645202259,41,6.97088331749965,0.499999999998094
0.06537109375,69.3415637860082,0.118184,149.065588763771,-0.815668133956625,0.627069655902847,20.9092645202259,41,8.68852958792361,0.500000004848963
0.02037109375,136.008230452675,0.112184,138.449037731472,-0.289149863819566,0.627069655902847,20.9092645202259,41,5.149679243824,0.499999999997188
0.09349609375,96.0082304526749,0.106184,158.294049723018,-0.748233833655785,0.627069655902847,20.9092645202259,41,11.7646832410061,0.500000000003136
0.04849609375,56.0082304526749,0.100184,141.805400442808,-0.805684775476098,0.627069655902847,20.9092645202259,41,6.26846681426941,0.499999999999603
0.07099609375,122.674897119342,0.122984,151.656305672958,-0.857495612695068,0.627069655902847,20.9092645202259,41,9.5521018909861,0.499999999999861
0.02599609375,82.6748971193416,0.116984,139.844240639767,-0.353749270176608,0.627069655902847,20.9092645202259,41,5.61474687992222,0.500000001789103
0.08224609375,42.6748971193416,0.110984,154.145148055424,-0.784207746603466,0.627069655902847,20.9092645202259,41,10.3817160184746,0.499999999999317
0.03724609375,144.897119341564,0.104984,139.962081302521,-0.91936093937445,0.627069655902847,20.9092645202259,41,5.65402710084037,0.500000002545181
0.05974609375,104.897119341564,0.098984,144.730561550845,-0.752379024946008,0.627069655902847,20.9092645202259,41,7.24352051694818,0.500000000004659
0.01474609375,64.8971193415638,0.121784,139.398813126022,-0.142286624508637,0.627069655902847,20.9092645202259,41,5.46627104200744,0.500000000372762
0.09630859375,131.56378600823,0.115784,160.928443542482,-0.818774219659435,0.627069655902847,20.9092645202259,41,12.6428145141606,0.500000000048636
0.05130859375,91.5637860082305,0.109784,143.792713232291,-0.749426308314444,0.627069655902847,20.9092645202259,41,6.9309044107637,0.49999999999795
0.07380859375,51.5637860082305,0.103784,149.988129728491,-0.741396868248706,0.627069655902847,20.9092645202259,41,8.99604324283024,0.500000011992025
0.02880859375,118.230452674897,0.097784,137.550744837592,-0.403962333514327,0.627069655902847,20.9092645202259,41,4.85024827919722,0.499999999999138
0.08505859375,78.2304526748971,0.120584,156.629958433809,-0.874069120225092,0.627069655902847,20.9092645202259,41,11.2099861446029,0.499999999998783
0.04005859375,38.2304526748971,0.114584,141.871612618255,-0.697263149410345,0.627069655902847,20.9092645202259,41,6.29053753941847,0.499999999999564
0.06255859375,140.452674897119,0.108584,146.830749090042,-0.860489203176687,0.627069655902847,20.9092645202259,41,7.94358303001414,0.500000000330604
0.01755859375,100.452674897119,0.102584,136.802505309313,-0.187192902115217,0.627069655902847,20.9092645202259,41,4.60083510310421,0.5000000044852
0.09068359375,60.4526748971194,0.096584,155.87000054606,-0.68402534171422,0.627069655902847,20.9092645202259,41,10.9566668486868,0.499999999998723
0.04568359375,127.119341563786,0.119384,143.803848676535,-0.788812261611726,0.627069655902847,20.9092645202259,41,6.93461622551178,0.499999999997959
0.06818359375,87.119341563786,0.113384,149.306152227082,-0.878429572117362,0.627069655902847,20.9092645202259,41,8.76871740902719,0.500000006196407
0.02318359375,47.119341563786,0.107384,138.07866638889,-0.358540328212428,0.627069655902847,20.9092645202259,41,5.02622212962983,0.49999999999733
0.07943359375,113.786008230453,0.101384,151.797147661263,-0.786543061780363,0.627069655902847,20.9092645202259,41,9.59904922042115,0.499999999999845
0.03443359375,73.7860082304527,0.095384,138.183608626913,-0.654905917550129,0.627069655902847,20.9092645202259,41,5.06120287563767,0.499999999998576
0.05693359375,33.7860082304527,0.123944,147.378212825283,-0.845582542705774,0.627069655902847,20.9092645202259,41,8.12607094176083,0.50000000069365
0.01193359375,147.860082304527,0.117944,138.603113475873,-0.163174733250576,0.627069655902847,20.9092645202259,41,5.201037825291,0.49999999999888
0.09771484375,107.860082304527,0.111944,161.091294798521,-0.722383835100649,0.627069655902847,20.9092645202259,41,12.6970982661735,0.500000000053522
0.05271484375,67.8600823045268,0.105944,143.639503418868,-0.820554931766744,0.627069655902847,20.9092645202259,41,6.87983447295605,0.499999999997897
0.07521484375,134.526748971193,0.099944,150.022460452742,-0.827695083644726,0.627069655902847,20.9092645202259,41,9.00748681758055,0.500000012381523
0.03021484375,94.5267489711934,0.122744,141.341765063726,-0.419128459149089,0.627069655902847,20.9092645202259,41,6.11392168790859,0.499999999999808
0.08646484375,54.5267489711934,0.116744,156.662244321153,-0.537050866520536,0.627069655902847,20.9092645202259,41,11.2207481070509,0.499999999998798
0.04146484375,121.19341563786,0.110744,141.612367822275,-0.649519776985201,0.627069655902847,20.9092645202259,41,6.20412260742491,0.499999999999703
0.06396484375,81.1934156378601,0.104744,146.764030261216,-0.865738148040236,0.627069655902847,20.9092645202259,41,7.92134342040528,0.500000000300557
0.01896484375,41.1934156378601,0.098744,136.422010422716,-0.471904563529461,0.627069655902847,20.9092645202259,41,4.47400347423864,0.499999999999664
0.09208984375,143.415637860082,0.121544,159.769071953068,-0.863441426280851,0.627069655902847,20.9092645202259,41,12.2563573176893,0.500000000024261
0.04708984375,103.415637860082,0.115544,143.56430686091,-0.725988141345009,0.627069655902847,20.9092645202259,41,6.85476895363677,0.499999999997912
0.06958984375,63.4156378600823,0.109544,149.256286158931,-0.835654086177608,0.627069655902847,20.9092645202259,41,8.75209538631046,0.500000005892593
0.02458984375,130.082304526749,0.103544,137.721762959599,-0.478732225925426,0.627069655902847,20.9092645202259,41,4.9072543198664,0.500000004964154
0.08083984375,90.082304526749,0.097544,151.881176923594,-0.755531158095708,0.627069655902847,20.9092645202259,41,9.62705897453144,0.499999999999835
0.03583984375,50.082304526749,0.120344,141.917715813943,-0.56963727852652,0.627069655902847,20.9092645202259,41,6.30590527131429,0.499999999999534
0.05833984375,116.748971193416,0.114344,146.361031542742,-0.763960308061581,0.627069655902847,20.9092645202259,41,7.78701051424741,0.500000000164431
0.01333984375,76.7489711934156,0.108344,137.264720044626,-0.152852076833986,0.627069655902847,20.9092645202259,41,4.75490668154211,0.500000000012296
0.09490234375,36.7489711934156,0.102344,158.449901474419,-0.774269697865346,0.627069655902847,20.9092645202259,41,11.8166338248064,0.500000000004206
0.04990234375,138.971193415638,0.096344,141.677160120642,-0.917785987973491,0.627069655902847,20.9092645202259,41,6.22572004021407,0.499999999999671
0.07240234375,98.9711934156379,0.119144,151.581082015363,-0.786608369570839,0.627069655902847,20.9092645202259,41,9.52702733845436,0.499999999999869
0.02740234375,58.9711934156379,0.113144,139.466318356924,-0.360759477479456,0.627069655902847,20.9092645202259,41,5.48877278564134,0.500000000487218
0.08365234375,125.637860082305,0.107144,154.20314650808,-0.745490793490077,0.627069655902847,20.9092645202259,41,10.4010488360267,0.499999999999297
0.03865234375,85.6378600823045,0.101144,139.726255260548,-0.658964206746427,0.627069655902847,20.9092645202259,41,5.57541842018259,0.50000000122913
0.06115234375,45.6378600823046,0.095144,144.689585880534,-0.900364684002674,0.627069655902847,20.9092645202259,41,7.22986196017804,0.500000000003939
0.01615234375,112.304526748971,0.124856,140.00206283004,-0.19391866499778,0.627069655902847,20.9092645202259,41,5.66735427668011,0.500000002855364
0.08927734375,72.3045267489712,0.118856,158.154046786167,-0.897868246805702,0.627069655902847,20.9092645202259,41,11.7180155953891,0.500000000002319
0.04427734375,32.3045267489712,0.112856,142.526301875356,-0.874864369446745,0.627069655902847,20.9092645202259,41,6.50876729178536,0.499999999999009
0.06677734375,146.378600823045,0.106856,147.951807741027,-0.909817947331158,0.627069655902847,20.9092645202259,41,8.31726924700887,0.500000001412346
0.02177734375,106.378600823045,0.100856,137.010955846152,-0.338930587066423,0.627069655902847,20.9092645202259,41,4.670318615384,0.500000000504106
0.07802734375,66.3786008230453,0.123656,154.308225418834,-0.874007200460376,0.627069655902847,20.9092645202259,41,10.4360751396112,0.499999999999259
0.03302734375,133.045267489712,0.117656,141.014293865801,-0.677731455076523,0.627069655902847,20.9092645202259,41,6.00476462193364,0.500000030215628
0.05552734375,93.0452674897119,0.111656,145.183639968109,-0.778329918844582,0.627069655902847,20.9092645202259,41,7.39454665603644,0.500000000017974
0.01052734375,53.045267489712,0.105656,136.7020223686,-0.195940614473117,0.627069655902847,20.9092645202259,41,4.56734078953345,0.500000010751434
0.09947265625,119.711934156379,0.099656,160.258416372996,-0.659669420636206,0.627069655902847,20.9092645202259,41,12.4194721243319,0.500000000040092
0.05447265625,79.7119341563786,0.122456,146.470360532381,-0.782232645762589,0.627069655902847,20.9092645202259,41,7.82345351079368,0.500000000194644
0.07697265625,39.7119341563786,0.116456,152.860163695285,-0.788154757314253,0.627069655902847,20.9092645202259,41,9.9533878984284,0.499999999999677
0.03197265625,141.934156378601,0.110456,139.780245979371,-0.625354401772346,0.627069655902847,20.9092645202259,41,5.59341532645697,0.500000001463881
0.08822265625,101.934156378601,0.104456,155.762045985718,-0.841609404543404,0.627069655902847,20.9092645202259,41,10.9206819952393,0.499999999998746
0.04322265625,61.9341563786008,0.098456,140.346340277606,-0.726643049225666,0.627069655902847,20.9092645202259,41,5.78211342586875,0.500000007083909
0.06572265625,128.600823045267,0.121256,149.631316004837,-0.741286138011045,0.627069655902847,20.9092645202259,41,8.87710533494561,0.500000008541664
0.02072265625,88.6008230452675,0.115256,138.943625096064,-0.239008006621557,0.627069655902847,20.9092645202259,41,5.31454169868815,0.500000000036248
0.09384765625,48.6008230452675,0.109256,158.850651302753,-0.802885322766246,0.627069655902847,20.9092645202259,41,11.9502171009178,0.500000000007909
0.04884765625,115.267489711934,0.103256,142.290055941375,-0.758534177189241,0.627069655902847,20.9092645202259,41,6.4300186471251,0.499999999999244
0.07134765625,75.2674897119342,0.097256,148.301120150601,-0.802307122889328,0.627069655902847,20.9092645202259,41,8.43370671686685,0.500000002119303
0.02634765625,35.2674897119342,0.120056,140.361709311652,-0.476463446431102,0.627069655902847,20.9092645202259,41,5.78723643721723,0.500000007354969
0.08259765625,137.489711934156,0.114056,154.705066028597,-0.795138388583158,0.627069655902847,20.9092645202259,41,10.5683553428656,0.499999999999111
0.03759765625,97.4897119341564,0.108056,140.451963557114,-0.567065209114453,0.627069655902847,20.9092645202259,41,5.81732118570473,0.500000009127929
0.06009765625,57.4897119341564,0.102056,145.222478321584,-0.85216488444273,0.627069655902847,20.9092645202259,41,7.40749277386148,0.500000000019711
0.01509765625,124.156378600823,0.096056,135.712114782617,-0.187427680650302,0.627069655902847,20.9092645202259,41,4.23737159420566,0.5000000000032
0.09666015625,84.156378600823,0.124616,162.732157244029,-0.808243972731915,0.627069655902847,20.9092645202259,41,13.2440524146763,0.500000000141474
