   1.2000000e-01   3.1491315e-01   3.5933845e+01   3.6348038e-01   1.1682602e-03   1.0000000e+00             Inf
   2.6360030e-02   6.2769178e-01   5.0880377e+01   4.9301283e-02   1.3030117e+00   1.0000000e+00             Inf
   2.9191231e-02   5.7608922e-01   5.0503134e+01   5.5082561e-02   7.8470479e-01   1.0000000e+00   1.4026730e-01
   2.8497972e-02   6.0272704e-01   5.0058243e+01   5.4445657e-02   8.8479133e-01   1.0000000e+00   1.0391590e-01
   2.9869462e-02   5.5245822e-01   5.1669104e+01   5.6570538e-02   7.1099000e-01   1.0000000e+00   1.0131843e-01
   2.7841682e-02   6.1277310e-01   5.0125570e+01   5.2903356e-02   9.9155100e-01   1.0000000e+00   8.8511856e-02
   2.8274969e-02   5.9789403e-01   5.0050999e+01   5.3159503e-02   9.1281872e-01   1.0000000e+00   6.1907454e-02
   3.0296888e-02   5.4360486e-01   5.1567328e+01   5.7156726e-02   6.6139865e-01   1.0000000e+00   5.4026160e-02
   2.6555390e-02   6.2811921e-01   5.0253611e+01   4.9458061e-02   1.2452426e+00   1.0000000e+00   5.0247013e-02
   2.7011949e-02   6.2059750e-01   5.0202443e+01   5.0509541e-02   1.1450018e+00   1.0000000e+00   4.8307289e-02
   2.6637964e-02   6.3211317e-01   5.0256350e+01   5.0085264e-02   1.2319710e+00   1.0000000e+00   4.1861726e-02
   1.1810890e-01   3.1841086e-01   3.5866133e+01   3.5536361e-01   1.2460597e-03   1.0000000e+00   3.9859087e-02
   2.6821238e-02   6.2559383e-01   5.0197449e+01   5.0194817e-02   1.1868030e+00   1.0000000e+00   3.7281732e-02
   1.1680891e-01   3.1490058e-01   3.6183299e+01   3.4674998e-01   1.3139693e-03   1.0000000e+00   3.6643977e-02
   2.7400464e-02   6.1687849e-01   5.0314925e+01   5.1776111e-02   1.0729162e+00   1.0000000e+00   3.3802060e-02
   1.1547452e-01   3.2657735e-01   3.4808854e+01   3.3827097e-01   1.3304228e-03   1.0000000e+00   3.3673149e-02
   2.6834001e-02   6.2529492e-01   5.0198128e+01   5.0219265e-02   1.1839913e+00   1.0000000e+00   3.3110953e-02
   2.7663875e-02   6.2036259e-01   5.0134107e+01   5.2885604e-02   1.0269124e+00   1.0000000e+00   3.1316388e-02
   7.8852623e-02   3.6373916e-01   3.7355406e+01   1.8835317e-01   7.0239216e-03   1.0000000e+00   3.0324129e-02
   8.7293626e-02   3.3227266e-01   3.8266464e+01   2.1594271e-01   4.6493003e-03   1.0000000e+00   2.9647950e-02
   1.1057430e-01   3.2016575e-01   3.5757602e+01   3.1225184e-01   1.6297749e-03   1.0000000e+00   2.8472405e-02
   9.2853555e-02   3.3004298e-01   3.7281672e+01   2.3652194e-01   3.5048751e-03   1.0000000e+00   2.7922038e-02
   8.0436150e-02   3.5538225e-01   3.8309793e+01   1.9631898e-01   6.6052367e-03   1.0000000e+00   2.7910712e-02
   1.1710746e-01   3.2675362e-01   3.4978632e+01   3.4976723e-01   1.2620119e-03   1.0000000e+00   2.7468454e-02
   9.4025790e-02   3.1913969e-01   3.8866640e+01   2.4435758e-01   3.4537785e-03   1.0000000e+00   2.7159539e-02
   7.7788429e-02   3.6234292e-01   3.7251323e+01   1.8209778e-01   7.4077956e-03   1.0000000e+00   2.6248657e-02
   1.1913094e-01   3.1400958e-01   3.6451308e+01   3.6228012e-01   1.2205859e-03   1.0000000e+00   2.5894611e-02
   2.8281519e-02   5.9863023e-01   5.0049533e+01   5.3248079e-02   9.1238559e-01   1.0000000e+00   2.5622696e-02
   1.0697651e-01   3.1880062e-01   3.6394048e+01   2.9612497e-01   1.8996600e-03   1.0000000e+00   2.5107498e-02
   5.3143354e-02   3.8412133e-01   4.6081100e+01   1.1117286e-01   4.6001903e-02   1.0000000e+00   2.5088317e-02
   3.4844199e-02   5.1308869e-01   4.8183929e+01   6.6720873e-02   3.2532316e-01   1.0000000e+00   2.5077211e-02
   3.4506265e-02   5.1654013e-01   4.8516474e+01   6.6323087e-02   3.4280799e-01   1.0000000e+00   2.4668703e-02
   3.6249673e-02   4.8335269e-01   4.9866211e+01   7.0377574e-02   2.7675511e-01   1.0000000e+00   2.4177084e-02
   1.0400343e-01   3.1778568e-01   3.7011881e+01   2.8367505e-01   2.1687744e-03   1.0000000e+00   2.3460003e-02
   5.0848698e-02   3.9411460e-01   4.6430570e+01   1.0521089e-01   5.6264571e-02   1.0000000e+00   2.3132368e-02
   7.0055630e-02   3.9184279e-01   3.7225166e+01   1.5960694e-01   1.1636805e-02   1.0000000e+00   2.2976927e-02
   1.0244915e-01   3.2214376e-01   3.7025335e+01   2.7913463e-01   2.3121795e-03   1.0000000e+00   2.2492710e-02
   1.1315969e-01   3.2057558e-01   3.6202375e+01   3.3145973e-01   1.5006602e-03   1.0000000e+00   2.2465087e-02
   3.1282409e-02   5.5630719e-01   4.8873857e+01   5.9133664e-02   5.4936788e-01   1.0000000e+00   2.2398889e-02
   1.1100096e-01   3.2089827e-01   3.6186056e+01   3.1911306e-01   1.6237884e-03   1.0000000e+00   2.2219519e-02
   2.7234483e-02   6.1846214e-01   4.9873464e+01   5.0836530e-02   1.0943711e+00   1.0000000e+00   2.1832225e-02
   1.1319180e-01   3.1234621e-01   3.6695230e+01   3.2747346e-01   1.5149861e-03   1.0000000e+00   2.1458993e-02
   7.6676991e-02   3.6180227e-01   3.7259265e+01   1.7670451e-01   7.8657048e-03   1.0000000e+00   2.1426497e-02
   1.0551707e-01   3.1712631e-01   3.7014824e+01   2.9140923e-01   2.0431754e-03   1.0000000e+00   2.1392736e-02
   1.1008119e-01   3.2646176e-01   3.5138467e+01   3.1017031e-01   1.6349266e-03   1.0000000e+00   2.1383371e-02
   3.1527612e-02   5.4066000e-01   5.0054414e+01   5.9770674e-02   5.3679796e-01   1.0000000e+00   2.1366097e-02
   9.7983959e-02   3.1240068e-01   3.9031179e+01   2.6084612e-01   2.9178618e-03   1.0000000e+00   2.0899611e-02
   3.0397456e-02   5.5417540e-01   5.0574450e+01   5.7537119e-02   6.4466156e-01   1.0000000e+00   2.0898098e-02
   2.7496095e-02   6.1556476e-01   5.0325588e+01   5.2038036e-02   1.0553447e+00   1.0000000e+00   2.0499568e-02
   3.1674865e-02   5.3673050e-01   5.0144144e+01   5.9998132e-02   5.2513461e-01   1.0000000e+00   2.0408153e-02
   2.7109739e-02   6.1679572e-01   5.0173221e+01   5.0535111e-02   1.1224115e+00   1.0000000e+00   2.0298169e-02
   6.9914652e-02   3.8000384e-01   3.7637030e+01   1.5584538e-01   1.1794555e-02   1.0000000e+00   2.0170218e-02
   8.7738489e-02   3.2876308e-01   3.9117885e+01   2.2058568e-01   4.6466187e-03   1.0000000e+00   2.0166439e-02
   2.7128626e-02   6.1696549e-01   5.0172051e+01   5.0618308e-02   1.1190275e+00   1.0000000e+00   2.0137148e-02
   3.0664245e-02   5.5151931e-01   5.0326854e+01   5.7988408e-02   6.1576549e-01   1.0000000e+00   2.0025993e-02
   8.1714282e-02   3.4178610e-01   3.8959155e+01   1.9811657e-01   6.2519851e-03   1.0000000e+00   2.0013741e-02
   4.5238041e-02   3.9991799e-01   5.0225470e+01   9.1332908e-02   1.0061854e-01   1.0000000e+00   1.9981549e-02
   2.7224626e-02   6.1750045e-01   4.9966908e+01   5.0814834e-02   1.0973551e+00   1.0000000e+00   1.9634183e-02
   9.9599622e-02   3.1832089e-01   3.7602158e+01   2.6469929e-01   2.6338823e-03   1.0000000e+00   1.9540162e-02
   4.5905344e-02   4.1177779e-01   4.8397564e+01   9.3346773e-02   9.1818032e-02   1.0000000e+00   1.9496881e-02
   3.2658539e-02   5.2398495e-01   5.0053033e+01   6.2155881e-02   4.5330411e-01   1.0000000e+00   1.9198828e-02
   4.2853194e-02   4.3439485e-01   4.9105996e+01   8.7057848e-02   1.2718482e-01   1.0000000e+00   1.9145617e-02
   8.2111485e-02   3.4617943e-01   3.9072532e+01   2.0320089e-01   6.1573113e-03   1.0000000e+00   1.9038305e-02
   6.2402932e-02   3.9220361e-01   3.9514892e+01   1.3445158e-01   2.0098186e-02   1.0000000e+00   1.8958225e-02
   1.0769935e-01   3.1693575e-01   3.6501218e+01   2.9925133e-01   1.8519254e-03   1.0000000e+00   1.8948068e-02
   3.1195545e-02   5.4820667e-01   4.9771088e+01   5.9002501e-02   5.6277478e-01   1.0000000e+00   1.8925140e-02
   3.4062455e-02   5.1556873e-01   4.9021177e+01   6.5170658e-02   3.6639030e-01   1.0000000e+00   1.8497848e-02
   3.1840807e-02   5.3343711e-01   5.0230066e+01   6.0358644e-02   5.1266608e-01   1.0000000e+00   1.8321907e-02
   3.6692301e-02   4.8574082e-01   4.8776878e+01   7.0895777e-02   2.5719956e-01   1.0000000e+00   1.8088283e-02
   8.5800340e-02   3.2921557e-01   3.9144624e+01   2.1138072e-01   5.1016230e-03   1.0000000e+00   1.8075041e-02
   1.0072096e-01   3.1589322e-01   3.7936835e+01   2.7098817e-01   2.5350916e-03   1.0000000e+00   1.8056461e-02
   6.8168221e-02   3.8779932e-01   3.7256332e+01   1.4968678e-01   1.3034724e-02   1.0000000e+00   1.7882126e-02
   4.6486497e-02   4.0862339e-01   4.7825125e+01   9.3879882e-02   8.5790383e-02   1.0000000e+00   1.7623980e-02
   5.6850635e-02   4.1524627e-01   3.9759673e+01   1.1886919e-01   3.0387067e-02   1.0000000e+00   1.7424089e-02
   6.3282208e-02   3.9096039e-01   3.9403000e+01   1.3744351e-01   1.8880683e-02   1.0000000e+00   1.7087240e-02
   3.3047938e-02   5.1818041e-01   5.0049750e+01   6.2937779e-02   4.2822342e-01   1.0000000e+00   1.6979242e-02
   7.2239820e-02   3.6785006e-01   3.8027262e+01   1.6271027e-01   1.0327794e-02   1.0000000e+00   1.6862633e-02
   3.0555887e-02   5.4721692e-01   5.1059983e+01   5.7954179e-02   6.3244362e-01   1.0000000e+00   1.6801785e-02
   3.5810700e-02   4.8641036e-01   4.9849183e+01   6.9094511e-02   2.9247980e-01   1.0000000e+00   1.6796611e-02
   3.8621447e-02   4.6932645e-01   4.8289264e+01   7.5141359e-02   2.0118225e-01   1.0000000e+00   1.6788298e-02
   3.3401343e-02   5.1724018e-01   4.9705978e+01   6.3737971e-02   4.0551078e-01   1.0000000e+00   1.6739090e-02
   1.0104900e-01   3.1401531e-01   3.8223706e+01   2.7315836e-01   2.5184402e-03   1.0000000e+00   1.6656585e-02
   4.2764523e-02   4.0026837e-01   5.2632796e+01   8.5566525e-02   1.3420313e-01   1.0000000e+00   1.6639855e-02
   1.0944431e-01   3.2643462e-01   3.5019524e+01   3.0554304e-01   1.6687586e-03   1.0000000e+00   1.6614218e-02
   4.9868472e-02   3.9818485e-01   4.6562286e+01   1.0252565e-01   6.1460589e-02   1.0000000e+00   1.6337837e-02
   6.7491246e-02   3.8840719e-01   3.7319716e+01   1.4720518e-01   1.3620238e-02   1.0000000e+00   1.6335829e-02
   5.1799532e-02   3.8954418e-01   4.6407294e+01   1.0786274e-01   5.1825141e-02   1.0000000e+00   1.6265254e-02
   3.6005825e-02   4.8988243e-01   4.9121277e+01   6.9331088e-02   2.8219083e-01   1.0000000e+00   1.6162646e-02
   3.0962740e-02   5.4365586e-01   5.0520125e+01   5.8501507e-02   5.8839957e-01   1.0000000e+00   1.6120087e-02
   3.7187712e-02   4.8645970e-01   4.8101349e+01   7.1931114e-02   2.3934247e-01   1.0000000e+00   1.5952739e-02
   3.7742083e-02   4.7584926e-01   4.8738756e+01   7.3426169e-02   2.2555727e-01   1.0000000e+00   1.5860002e-02
   3.2458350e-02   5.2564270e-01   5.0252585e+01   6.1833576e-02   4.6824583e-01   1.0000000e+00   1.5771644e-02
   3.8253687e-02   4.6630708e-01   4.9223933e+01   7.4646040e-02   2.1330633e-01   1.0000000e+00   1.5690166e-02
   3.9441860e-02   4.6599599e-01   4.7864545e+01   7.7134159e-02   1.8156195e-01   1.0000000e+00   1.5621704e-02
   6.1576496e-02   4.0129418e-01   3.8936507e+01   1.3201216e-01   2.1055775e-02   1.0000000e+00   1.5619870e-02
   7.8669919e-02   3.4710727e-01   3.8603643e+01   1.8480811e-01   7.2724215e-03   1.0000000e+00   1.5556997e-02
   3.0860767e-02   5.4651601e-01   5.0426565e+01   5.8315416e-02   5.9733556e-01   1.0000000e+00   1.5548161e-02
   3.9162493e-02   4.6483797e-01   4.8197536e+01   7.6378640e-02   1.8839494e-01   1.0000000e+00   1.5515304e-02
   4.3800299e-02   3.9673178e-01   5.2079392e+01   8.8041895e-02   1.1953557e-01   1.0000000e+00   1.5512355e-02
   3.7436667e-02   4.8607125e-01   4.7876666e+01   7.2502485e-02   2.3132109e-01   1.0000000e+00   1.5347595e-02
   2.7626778e-02   6.1743254e-01   5.0129363e+01   5.2489827e-02   1.0306065e+00   1.0000000e+00   1.5319487e-02
   9.7070246e-02   3.2084868e-01   3.8323270e+01   2.5821848e-01   2.9877945e-03   1.0000000e+00   1.5221747e-02
   3.0760043e-02   5.4756836e-01   5.0451311e+01   5.8075141e-02   6.0687414e-01   1.0000000e+00   1.5197631e-02
   3.1956025e-02   5.3219546e-01   5.0222204e+01   6.0645346e-02   5.0396418e-01   1.0000000e+00   1.5188070e-02
   3.2874696e-02   5.2407693e-01   4.9770560e+01   6.2640462e-02   4.3784666e-01   1.0000000e+00   1.5058610e-02
   1.0486758e-01   3.2014557e-01   3.6869774e+01   2.8944973e-01   2.0899005e-03   1.0000000e+00   1.4841181e-02
   5.8719060e-02   4.1058489e-01   3.9200944e+01   1.2364731e-01   2.6052235e-02   1.0000000e+00   1.4793923e-02
   3.5086093e-02   5.1265094e-01   4.8108836e+01   6.7488485e-02   3.1499037e-01   1.0000000e+00   1.4769468e-02
   4.6954496e-02   4.0850923e-01   4.8339736e+01   9.6772560e-02   8.3069582e-02   1.0000000e+00   1.4625851e-02
   4.8949777e-02   3.9963619e-01   4.7053926e+01   1.0017868e-01   6.7295360e-02   1.0000000e+00   1.4545460e-02
   5.9393472e-02   4.0399717e-01   3.9538075e+01   1.2553118e-01   2.4942330e-02   1.0000000e+00   1.4452732e-02
   3.5601473e-02   4.8745905e-01   4.9939197e+01   6.8559070e-02   3.0085843e-01   1.0000000e+00   1.4210486e-02
   5.4167950e-02   4.1276492e-01   4.1793102e+01   1.1268855e-01   3.9160466e-02   1.0000000e+00   1.3993096e-02
   6.1155511e-02   4.0091365e-01   3.8883965e+01   1.2991645e-01   2.1640898e-02   1.0000000e+00   1.3874642e-02
   4.1279579e-02   4.3634508e-01   4.9316124e+01   8.1487916e-02   1.5030295e-01   1.0000000e+00   1.3774699e-02
   3.8816785e-02   4.6932355e-01   4.8356171e+01   7.6007000e-02   1.9708991e-01   1.0000000e+00   1.3760603e-02
   3.3126705e-02   5.2851248e-01   4.8893757e+01   6.3024072e-02   4.1733189e-01   1.0000000e+00   1.3567143e-02
   3.3911503e-02   5.1297414e-01   4.9445826e+01   6.4820360e-02   3.7609652e-01   1.0000000e+00   1.3501422e-02
   9.0351879e-02   3.3072839e-01   3.8084580e+01   2.2918296e-01   4.0096830e-03   1.0000000e+00   1.3436454e-02
   3.2778421e-02   5.2232997e-01   5.0108600e+01   6.2483885e-02   4.4594660e-01   1.0000000e+00   1.3415876e-02
   7.3815015e-02   3.6545689e-01   3.7913663e+01   1.6828057e-01   9.3979308e-03   1.0000000e+00   1.3313373e-02
   3.8089980e-02   4.6728724e-01   4.9180418e+01   7.4099167e-02   2.1728992e-01   1.0000000e+00   1.3293185e-02
   6.4175087e-02   3.8139056e-01   3.9807337e+01   1.3928670e-01   1.7888255e-02   1.0000000e+00   1.3247237e-02
   5.4565521e-02   4.1348131e-01   4.1425766e+01   1.1355237e-01   3.7644901e-02   1.0000000e+00   1.3243326e-02
   4.8129689e-02   3.9862305e-01   4.7755858e+01   9.8030506e-02   7.3352992e-02   1.0000000e+00   1.3236305e-02
   4.4772344e-02   4.0609525e-01   4.9881987e+01   9.0228878e-02   1.0491146e-01   1.0000000e+00   1.3220276e-02
   6.5326898e-02   3.9502004e-01   3.7898860e+01   1.4241122e-01   1.5918825e-02   1.0000000e+00   1.3198960e-02
   3.1004836e-02   5.5426249e-01   4.9447760e+01   5.8548133e-02   5.7731403e-01   1.0000000e+00   1.3068813e-02
   3.3830868e-02   5.1103677e-01   4.9765379e+01   6.4680009e-02   3.8193397e-01   1.0000000e+00   1.3063894e-02
   3.6933483e-02   4.8819201e-01   4.8350005e+01   7.1567934e-02   2.4821663e-01   1.0000000e+00   1.3062997e-02
   4.0538163e-02   4.6056624e-01   4.7766644e+01   8.0369268e-02   1.6024214e-01   1.0000000e+00   1.3048314e-02
   7.4943234e-02   3.7188603e-01   3.7150823e+01   1.7301027e-01   8.6703510e-03   1.0000000e+00   1.3038054e-02
   1.0002173e-01   3.1677938e-01   3.7867692e+01   2.6750630e-01   2.6050719e-03   1.0000000e+00   1.3034984e-02
   3.3600050e-02   5.1571869e-01   4.9654486e+01   6.4242908e-02   3.9417743e-01   1.0000000e+00   1.2975555e-02
   3.1063000e-02   5.5352566e-01   4.9443400e+01   5.8684759e-02   5.7214536e-01   1.0000000e+00   1.2614404e-02
   1.1212112e-01   3.1745298e-01   3.6170964e+01   3.2195803e-01   1.5555918e-03   1.0000000e+00   1.2565635e-02
   8.9830114e-02   3.3415317e-01   3.7608797e+01   2.2606713e-01   4.0615337e-03   1.0000000e+00   1.2478250e-02
   7.3272115e-02   3.6862924e-01   3.7493658e+01   1.6542496e-01   9.6000368e-03   1.0000000e+00   1.2464405e-02
   7.5787388e-02   3.6834939e-01   3.7221358e+01   1.7557547e-01   8.2756579e-03   1.0000000e+00   1.2376484e-02
   3.2073482e-02   5.3112033e-01   5.0219995e+01   6.0965907e-02   4.9540987e-01   1.0000000e+00   1.2293931e-02
   8.9676005e-02   3.3022073e-01   3.8062648e+01   2.2529231e-01   4.1329862e-03   1.0000000e+00   1.2212622e-02
   2.6586026e-02   6.2803472e-01   5.0253262e+01   4.9565231e-02   1.2386916e+00   1.0000000e+00   1.2190837e-02
   1.1281670e-01   3.1467012e-01   3.6354301e+01   3.2472309e-01   1.5227568e-03   1.0000000e+00   1.2119116e-02
   9.2300145e-02   3.2967124e-01   3.7299979e+01   2.3356087e-01   3.5938111e-03   1.0000000e+00   1.2014123e-02
   4.9385650e-02   3.9612732e-01   4.7625961e+01   1.0229124e-01   6.5435896e-02   1.0000000e+00   1.1952108e-02
   9.5753398e-02   3.2071717e-01   3.8315042e+01   2.5110383e-01   3.1602316e-03   1.0000000e+00   1.1917601e-02
   3.4280343e-02   5.1922323e-01   4.8532064e+01   6.5818395e-02   3.5369840e-01   1.0000000e+00   1.1855482e-02
   5.1743475e-02   3.8945087e-01   4.6368394e+01   1.0751439e-01   5.2017377e-02   1.0000000e+00   1.1850678e-02
   3.4249005e-02   5.1704166e-01   4.8521042e+01   6.5407368e-02   3.5444756e-01   1.0000000e+00   1.1810853e-02
   1.1368410e-01   3.1498720e-01   3.6852186e+01   3.3452693e-01   1.4959381e-03   1.0000000e+00   1.1804241e-02
   4.4019719e-02   3.9812527e-01   5.2308054e+01   8.9626641e-02   1.1763431e-01   1.0000000e+00   1.1785634e-02
   4.1635062e-02   4.3845254e-01   4.9213035e+01   8.3125444e-02   1.4475936e-01   1.0000000e+00   1.1774840e-02
   5.5583938e-02   4.0241783e-01   4.1845672e+01   1.1582640e-01   3.4921815e-02   1.0000000e+00   1.1709325e-02
   4.4495132e-02   3.9077390e-01   5.2296125e+01   8.9861835e-02   1.1173368e-01   1.0000000e+00   1.1689806e-02
   9.4831158e-02   3.1814256e-01   3.8879919e+01   2.4786852e-01   3.3340566e-03   1.0000000e+00   1.1613227e-02
   2.7554673e-02   6.1990386e-01   5.0134870e+01   5.2430892e-02   1.0449718e+00   1.0000000e+00   1.1612506e-02
   7.4702435e-02   3.7131742e-01   3.7142995e+01   1.7160174e-01   8.7834917e-03   1.0000000e+00   1.1544024e-02
   4.8518336e-02   3.9884741e-01   4.7381839e+01   9.8903593e-02   7.0334645e-02   1.0000000e+00   1.1490537e-02
   7.8845757e-02   3.4648531e-01   3.8951661e+01   1.8695171e-01   7.2679533e-03   1.0000000e+00   1.1474438e-02
   4.7263451e-02   4.0901503e-01   4.7779033e+01   9.7044598e-02   7.9863244e-02   1.0000000e+00   1.1467628e-02
   6.4475272e-02   3.8506627e-01   3.9614876e+01   1.4127001e-01   1.7490460e-02   1.0000000e+00   1.1457830e-02
   8.3926108e-02   3.3126711e-01   3.9628057e+01   2.0598865e-01   5.6649604e-03   1.0000000e+00   1.1375647e-02
   6.8448560e-02   3.9319757e-01   3.7159492e+01   1.5262884e-01   1.2814157e-02   1.0000000e+00   1.1371436e-02
   3.3210744e-02   5.2896095e-01   4.8775578e+01   6.3246315e-02   4.1183959e-01   1.0000000e+00   1.1352553e-02
   9.4286750e-02   3.1838252e-01   3.8850516e+01   2.4503248e-01   3.4120105e-03   1.0000000e+00   1.1266915e-02
   1.0169212e-01   3.2264941e-01   3.7124804e+01   2.7618650e-01   2.3908116e-03   1.0000000e+00   1.1249446e-02
   7.4478617e-02   3.6760805e-01   3.7270032e+01   1.6944090e-01   8.9087212e-03   1.0000000e+00   1.1042919e-02
   3.9790764e-02   4.6139054e-01   4.8033987e+01   7.8001308e-02   1.7478167e-01   1.0000000e+00   1.0843804e-02
   3.2161765e-02   5.2696821e-01   5.0404936e+01   6.1044526e-02   4.8961346e-01   1.0000000e+00   1.0811855e-02
   3.3650483e-02   5.1651610e-01   4.9692301e+01   6.4584196e-02   3.9212509e-01   1.0000000e+00   1.0795962e-02
   5.5745926e-02   4.0377236e-01   4.1859826e+01   1.1693370e-01   3.4533094e-02   1.0000000e+00   1.0788628e-02
   9.1773399e-02   3.3115506e-01   3.7287489e+01   2.3186529e-01   3.6809194e-03   1.0000000e+00   1.0774630e-02
   3.0507822e-02   5.4681092e-01   5.1046246e+01   5.7713754e-02   6.3650072e-01   1.0000000e+00   1.0712567e-02
   1.0873002e-01   3.1586009e-01   3.6624863e+01   3.0498696e-01   1.7861035e-03   1.0000000e+00   1.0632730e-02
   5.7701671e-02   4.0623198e-01   4.0161746e+01   1.2099282e-01   2.8669157e-02   1.0000000e+00   1.0592856e-02
   5.7906267e-02   4.0634965e-01   4.0088372e+01   1.2166771e-01   2.8192889e-02   1.0000000e+00   1.0459132e-02
   9.4994996e-02   3.1783480e-01   3.8907166e+01   2.4865705e-01   3.3122889e-03   1.0000000e+00   1.0431183e-02
   3.2405329e-02   5.2566659e-01   5.0259174e+01   6.1642533e-02   4.7170919e-01   1.0000000e+00   1.0329632e-02
   4.0158483e-02   4.6199539e-01   4.8030860e+01   7.9548668e-02   1.6800971e-01   1.0000000e+00   1.0168275e-02
   9.6533491e-02   3.1487727e-01   3.9064626e+01   2.5540364e-01   3.1086607e-03   1.0000000e+00   1.0044822e-02
   1.1421933e-01   3.2872046e-01   3.5133597e+01   3.3619269e-01   1.4055628e-03   1.0000000e+00   1.0006009e-02
   8.9079153e-02   3.2992009e-01   3.8093050e+01   2.2227606e-01   4.2516809e-03   1.0000000e+00   9.9889796e-03
   3.5465694e-02   4.8613410e-01   5.0332159e+01   6.8380811e-02   3.0802232e-01   1.0000000e+00   9.8736986e-03
   1.0437882e-01   3.1534905e-01   3.7399804e+01   2.8646788e-01   2.1572592e-03   1.0000000e+00   9.8723936e-03
   5.9990735e-02   4.0323033e-01   3.9486484e+01   1.2766077e-01   2.3867369e-02   1.0000000e+00   9.7390563e-03
   9.6085005e-02   3.2075269e-01   3.8327594e+01   2.5295583e-01   3.1165153e-03   1.0000000e+00   9.7125277e-03
   8.4571390e-02   3.2903949e-01   3.9589375e+01   2.0756157e-01   5.4770762e-03   1.0000000e+00   9.6048967e-03
   1.0466764e-01   3.1719447e-01   3.7010260e+01   2.8676308e-01   2.1121025e-03   1.0000000e+00   9.5426666e-03
   1.0805640e-01   3.2067353e-01   3.6169265e+01   3.0205707e-01   1.8127132e-03   1.0000000e+00   9.5338603e-03
   9.2694356e-02   3.2983654e-01   3.7287981e+01   2.3560349e-01   3.5301317e-03   1.0000000e+00   9.4930997e-03
   1.0185872e-01   3.2216267e-01   3.7122589e+01   2.7665788e-01   2.3741542e-03   1.0000000e+00   9.4439767e-03
   4.1976588e-02   4.3549562e-01   4.9302727e+01   8.4076354e-02   1.3970251e-01   1.0000000e+00   9.3763139e-03
   1.0808675e-01   3.2067194e-01   3.6170652e+01   3.0223671e-01   1.8106877e-03   1.0000000e+00   9.3459537e-03
   8.4675781e-02   3.2966053e-01   3.9683741e+01   2.0895772e-01   5.4636186e-03   1.0000000e+00   9.2371364e-03
   7.2772339e-02   3.7486109e-01   3.7157513e+01   1.6446646e-01   9.8203636e-03   1.0000000e+00   9.1995838e-03
   6.9408508e-02   3.9162299e-01   3.6438655e+01   1.5331948e-01   1.1842320e-02   1.0000000e+00   9.1833913e-03
   9.6635331e-02   3.1959632e-01   3.8503946e+01   2.5609722e-01   3.0565012e-03   1.0000000e+00   9.0521707e-03
   6.6445340e-02   3.8687109e-01   3.8026423e+01   1.4476937e-01   1.4807572e-02   1.0000000e+00   9.0369179e-03
   4.2083368e-02   4.3579089e-01   4.9232874e+01   8.4443333e-02   1.3801372e-01   1.0000000e+00   8.9673664e-03
   9.9950039e-02   3.1686535e-01   3.7826840e+01   2.6691094e-01   2.6100533e-03   1.0000000e+00   8.9565804e-03
